0	1.39626	0	2.09445	0	0.0333333	0	0	0
0.0333333	1.39124	-0.301299	2.09358	-0.0530618	0.0333333	0.0453907	0.00140778	2533
0.0666667	1.37622	-0.59877	2.09081	-0.114843	0.0333333	0.179263	0.00659444	5459
0.1	1.3514	-0.888632	2.08573	-0.193928	0.0333333	0.394833	0.018804	11151
0.133333	1.3171	-1.16719	2.0776	-0.298582	0.0333333	0.681163	0.0445755	13660
0.166667	1.27376	-1.43082	2.06545	-0.436499	0.0333333	1.02363	0.0952658	16815
0.2	1.22192	-1.67592	2.04805	-0.614498	0.0333333	1.40435	0.188804	25390
0.233333	1.16228	-1.89863	2.02398	-0.838196	0.0333333	1.80241	0.351286	29140
0.266667	1.09564	-2.09459	1.99162	-1.1117	0.0333333	2.19366	0.617942	35141
0.3	1.02299	-2.2584	1.94928	-1.43734	0.0333333	2.55019	1.03297	39327
0.333333	0.945514	-2.38326	1.89521	-1.8154	0.0333333	2.83997	1.64783	44718
0.366667	0.864637	-2.46064	1.82769	-2.24407	0.0333333	3.02736	2.51793	49045
0.4	0.782113	-2.48027	1.74509	-2.71967	0.0333333	3.07586	3.69831	51788
0.433333	0.700056	-2.4306	1.64591	-3.23737	0.0333333	2.95391	5.24028	60675
0.466667	0.620976	-2.29971	1.52885	-3.79271	0.0333333	2.64433	7.19233	63875
0.5	0.547765	-2.07685	1.39267	-4.38379	0.0333333	2.15665	9.60881	69365
0.533333	0.483621	-1.75508	1.23617	-5.013	0.0333333	1.54015	12.5651	74145
0.566667	0.431833	-1.33749	1.058	-5.68443	0.0333333	0.894443	16.1564	79942
0.6	0.395194	-0.855763	0.856867	-6.38429	0.0333333	0.366165	20.3795	82945
0.633333	0.374346	-0.418222	0.633042	-7.01829	0.0333333	0.0874549	24.6282	85622
0.666667	0.364268	-0.254535	0.392449	-7.33944	0.0333333	0.032394	26.9337	95719
0.7	0.352159	-0.546856	0.14975	-7.13619	0.0333333	0.149526	25.4626	98503
0.733333	0.324105	-1.16943	-0.0789839	-6.54755	0.0333333	0.68378	21.4352	101063
0.766667	0.273229	-1.88382	-0.285265	-5.81878	0.0333333	1.77439	16.9291	108464
0.8	0.198997	-2.55784	-0.466503	-5.05121	0.0333333	3.27127	12.7573	111429
0.833333	0.103691	-3.14439	-0.621711	-4.25612	0.0333333	4.94359	9.05726	119796
0.866667	-0.00953502	-3.633	-0.749872	-3.42787	0.0333333	6.59934	5.87515	122748
0.9	-0.137489	-4.03005	-0.849899	-2.56975	0.0333333	8.12065	3.30182	128232
0.933333	-0.277349	-4.35002	-0.921041	-1.69885	0.0333333	9.46132	1.44305	130763
0.966667	-0.426782	-4.60569	-0.963377	-0.848754	0.0333333	10.6062	0.360192	133832
1	-0.583639	-4.79199	-0.978518	-0.0806948	0.0333333	11.4816	0.00325582	144242
1.03333	-0.745018	-4.86632	-0.970832	0.499304	0.0333333	11.8405	0.124652	149237
1.06667	-0.906013	-4.7581	-0.948768	0.764311	0.0333333	11.3198	0.292085	153020
1.1	-1.05991	-4.44569	-0.923794	0.683359	0.0333333	9.8821	0.23349	161289
1.13333	-1.20094	-4.00309	-0.905655	0.383283	0.0333333	8.01236	0.0734531	164998
1.16667	-1.3264	-3.52445	-0.898851	0.0255604	0.0333333	6.21088	0.000326668	178020
1.2	-1.43609	-3.06112	-0.903523	-0.2957	0.0333333	4.68522	0.0437192	198814
1.23333	-1.53082	-2.62842	-0.917779	-0.547151	0.0333333	3.45431	0.149687	205741
1.26667	-1.61166	-2.2266	-0.939175	-0.724726	0.0333333	2.47888	0.262614	218815
1.3	-1.67956	-1.85181	-0.965348	-0.835272	0.0333333	1.7146	0.34884	230364
1.33333	-1.73537	-1.49986	-0.994229	-0.888995	0.0333333	1.1248	0.395156	234361
1.36667	-1.77977	-1.16701	-1.0241	-0.896698	0.0333333	0.680951	0.402034	247723
1.4	-1.81334	-0.849826	-1.05361	-0.868847	0.0333333	0.361102	0.377448	254065
1.43333	-1.83656	-0.545013	-1.08174	-0.815307	0.0333333	0.14852	0.332363	261369
1.46667	-1.84978	-0.249152	-1.10779	-0.745345	0.0333333	0.0310384	0.277769	267018
1.5	-1.85323	0.0413858	-1.13135	-0.667752	0.0333333	0.000856392	0.222946	270398
1.53333	-1.84703	0.330494	-1.15231	-0.591005	0.0333333	0.054613	0.174643	280825
1.56667	-1.83117	0.622339	-1.17085	-0.523424	0.0333333	0.193653	0.136987	283772
1.6	-1.80546	0.92134	-1.1874	-0.473269	0.0333333	0.424434	0.111992	286377
1.63333	-1.76961	1.23208	-1.20268	-0.448656	0.0333333	0.75901	0.100646	300888
1.66667	-1.72315	1.55903	-1.21768	-0.457081	0.0333333	1.21529	0.104461	309197
1.7	-1.66546	1.90583	-1.23359	-0.504032	0.0333333	1.81609	0.127024	315947
1.73333	-1.59586	2.27338	-1.25172	-0.589752	0.0333333	2.58412	0.173904	318962
1.76667	-1.51373	2.65599	-1.27321	-0.702776	0.0333333	3.52715	0.246947	321517
1.8	-1.41882	3.03533	-1.29852	-0.810326	0.0333333	4.60662	0.328315	327743
1.83333	-1.31179	3.37691	-1.32652	-0.852984	0.0333333	5.70176	0.363791	330215
1.86667	-1.19457	3.64057	-1.35388	-0.761143	0.0333333	6.62687	0.289669	332996
1.9	-1.07019	3.80527	-1.3753	-0.494434	0.0333333	7.24005	0.122232	338648
1.93333	-0.941887	3.87996	-1.38499	-0.0623747	0.0333333	7.52703	0.0019453	342997
1.96667	-0.812288	3.88617	-1.37804	0.496895	0.0333333	7.55117	0.123452	348387
2	-0.683412	3.83767	-1.35088	1.14471	0.0333333	7.36384	0.655176	351555
2.03333	-0.557049	3.73426	-1.30108	1.85138	0.0333333	6.97236	1.7138	353869
2.06667	-0.435189	3.56513	-1.22706	2.59427	0.0333333	6.35506	3.36512	360371
2.1	-0.320282	3.31429	-1.12793	3.35527	0.0333333	5.49226	5.62893	362874
2.13333	-0.215321	2.96605	-1.00332	4.12142	0.0333333	4.39873	8.49306	365780
2.16667	-0.123747	2.51001	-0.853169	4.88769	0.0333333	3.15008	11.9448	368259
2.2	-0.0491781	1.94752	-0.677435	5.65731	0.0333333	1.89641	16.0026	376778
2.23333	0.00519629	1.30695	-0.475994	6.42701	0.0333333	0.854062	20.6532	379206
2.26667	0.0381286	0.687272	-0.249657	7.12864	0.0333333	0.236171	25.4087	385456
2.3	0.0537842	0.319008	-0.00402058	7.53232	0.0333333	0.0508832	28.3679	388131
2.33333	0.0649148	0.433101	0.246131	7.37957	0.0333333	0.0937884	27.229	395582
2.36667	0.0870129	0.933046	0.482931	6.78139	0.0333333	0.435288	22.9936	399022
2.4	0.128324	1.54692	0.696627	6.03238	0.0333333	1.19648	18.1948	401678
2.43333	0.189602	2.11581	0.885028	5.27401	0.0333333	2.23833	13.9076	410793
2.46667	0.268267	2.58601	1.04841	4.5317	0.0333333	3.34372	10.2682	415531
2.5	0.360781	2.94677	1.18728	3.8022	0.0333333	4.34173	7.22837	418063
2.53333	0.463562	3.20369	1.30203	3.0851	0.0333333	5.13182	4.75893	420330
2.56667	0.573349	3.36962	1.39317	2.38759	0.0333333	5.67717	2.8503	423899
2.6	0.687366	3.46012	1.46155	1.72188	0.0333333	5.98621	1.48243	429639
2.63333	0.803349	3.48983	1.50847	1.10223	0.0333333	6.08945	0.60745	432233
2.66667	0.919465	3.46931	1.53571	0.54368	0.0333333	6.01806	0.147794	434661
2.7	1.03413	3.40262	1.54558	0.0624651	0.0333333	5.78892	0.00195094	443956
2.73333	1.14576	3.28653	1.54094	-0.323722	0.0333333	5.40063	0.0523979	446441
2.76667	1.25259	3.11315	1.52523	-0.598894	0.0333333	4.84585	0.179337	449344
2.8	1.35261	2.87738	1.50231	-0.757802	0.0333333	4.13966	0.287132	455030
2.83333	1.44379	2.58529	1.47585	-0.815598	0.0333333	3.34186	0.3326	459419
2.86667	1.52453	2.25504	1.44868	-0.806342	0.0333333	2.5426	0.325094	461919
2.9	1.59394	1.90849	1.4224	-0.768654	0.0333333	1.82117	0.295414	467172
2.93333	1.65177	1.56235	1.39742	-0.731833	0.0333333	1.22048	0.26779	469562
2.96667	1.6982	1.22535	1.37342	-0.711625	0.0333333	0.750745	0.253205	473430
3	1.73359	0.899854	1.34974	-0.712947	0.0333333	0.404869	0.254147	479638
3.03333	1.75831	0.584469	1.32567	-0.734087	0.0333333	0.170802	0.269442	482378
3.06667	1.77263	0.275967	1.30064	-0.769822	0.0333333	0.038079	0.296313	484999
3.1	1.77674	-0.029615	1.27427	-0.813204	0.0333333	0.000438524	0.33065	493882
3.13333	1.77065	-0.336422	1.24643	-0.856432	0.0333333	0.0565898	0.366738	496703
3.16667	1.75425	-0.648514	1.21726	-0.891227	0.0333333	0.210285	0.397143	502071
3.2	1.72731	-0.969757	1.1872	-0.908984	0.0333333	0.470214	0.413126	504931
3.23333	1.68946	-1.30378	1.15695	-0.900906	0.0333333	0.849915	0.405816	512072
3.26667	1.64021	-1.6539	1.12752	-0.858287	0.0333333	1.3677	0.368328	514935
3.3	1.57899	-2.02301	1.1002	-0.773249	0.0333333	2.04629	0.298957	517904
3.33333	1.50511	-2.41288	1.07651	-0.640459	0.0333333	2.91099	0.205094	526305
3.36667	1.41791	-2.8224	1.05803	-0.460927	0.0333333	3.98296	0.106227	529932
3.4	1.31682	-3.24336	1.04614	-0.249579	0.0333333	5.2597	0.0311448	535601
3.43333	1.2018	-3.65304	1.04131	-0.0472567	0.0333333	6.67235	0.0011166	539732
3.46667	1.07389	-4.00803	1.04206	0.070583	0.0333333	8.03217	0.00249098	546613
3.5	0.935811	-4.25459	1.04404	0.0122512	0.0333333	9.05078	7.50456e-05	549962
3.53333	0.791816	-4.36156	1.0403	-0.275427	0.0333333	9.51159	0.0379299	552574
3.56667	0.646486	-4.33906	1.02333	-0.772583	0.0333333	9.41372	0.298442	561506
3.6	0.503658	-4.21608	0.98717	-1.416	0.0333333	8.88767	1.00252	564376
3.63333	0.366307	-4.01218	0.928012	-2.14304	0.0333333	8.0488	2.29631	566831
3.66667	0.237032	-3.73119	0.843887	-2.90779	0.0333333	6.96089	4.22762	574819
3.7	0.118469	-3.36849	0.734085	-3.67957	0.0333333	5.67338	6.76963	577395
3.73333	0.0134148	-2.92074	0.598721	-4.43908	0.0333333	4.26535	9.85271	583213
3.76667	-0.075378	-2.3956	0.438424	-5.17345	0.0333333	2.86945	13.3823	586443
3.8	-0.145778	-1.82588	0.254318	-5.86207	0.0333333	1.66693	17.1819	589954
3.83333	-0.1975	-1.29454	0.0488056	-6.44083	0.0333333	0.837922	20.7422	595952
3.86667	-0.234179	-0.95234	-0.172249	-6.76464	0.0333333	0.453476	22.8802	598822
3.9	-0.264697	-0.936833	-0.39763	-6.68763	0.0333333	0.438828	22.3622	601506
3.93333	-0.299929	-1.21285	-0.614056	-6.25271	0.0333333	0.735508	19.5482	609890
3.96667	-0.346949	-1.61627	-0.812541	-5.64079	0.0333333	1.30616	15.9093	612565
4	-0.407612	-2.01615	-0.989629	-4.98285	0.0333333	2.03243	12.4144	618480
4.03333	-0.48063	-2.35177	-1.1448	-4.33037	0.0333333	2.7654	9.37604	621768
4.06667	-0.563458	-2.60349	-1.27856	-3.69898	0.0333333	3.38908	6.84121	628875
4.1	-0.653248	-2.77011	-1.39172	-3.0958	0.0333333	3.83677	4.79199	631735
4.13333	-0.74726	-2.85831	-1.48534	-2.5281	0.0333333	4.08496	3.19564	634227
4.16667	-0.843036	-2.87761	-1.56074	-2.00416	0.0333333	4.14031	2.00832	643991
4.2	-0.938443	-2.83771	-1.61953	-1.53216	0.0333333	4.0263	1.17375	649205
4.23333	-1.03165	-2.74694	-1.66354	-1.11901	0.0333333	3.77284	0.626091	651761
4.26667	-1.12108	-2.61168	-1.69483	-0.769535	0.0333333	3.41043	0.296092	654455
4.3	-1.20532	-2.43659	-1.71557	-0.485857	0.0333333	2.96848	0.118028	662463
4.33333	-1.28312	-2.22546	-1.72794	-0.266845	0.0333333	2.47634	0.0356031	667079
4.36667	-1.35333	-1.98222	-1.73403	-0.107729	0.0333333	1.9646	0.00580277	674130
4.4	-1.41496	-1.71168	-1.7357	-0.000258564	0.0333333	1.46492	3.34276e-08	679389
4.43333	-1.4672	-1.41958	-1.7345	0.0662636	0.0333333	1.0076	0.00219543	685442
4.46667	-1.50943	-1.11199	-1.73161	0.103244	0.0333333	0.618257	0.00532971	688025
4.5	-1.54122	-0.794402	-1.72783	0.121022	0.0333333	0.315537	0.00732315	694876
4.53333	-1.56233	-0.471143	-1.72367	0.127732	0.0333333	0.110988	0.00815773	697528
4.56667	-1.5726	-0.145199	-1.71938	0.129105	0.0333333	0.0105414	0.00833405	700519
4.6	-1.572	0.181455	-1.71507	0.129047	0.0333333	0.016463	0.00832657	708539
4.63333	-1.56052	0.507267	-1.71075	0.130686	0.0333333	0.12866	0.00853936	711758
4.66667	-1.53821	0.830408	-1.7063	0.137579	0.0333333	0.344789	0.00946395	718580
4.7	-1.50521	1.14813	-1.70147	0.154835	0.0333333	0.659106	0.0119869	721313
4.73333	-1.46177	1.45634	-1.69578	0.189868	0.0333333	1.06047	0.018025	727127
4.76667	-1.40829	1.74954	-1.6885	0.25247	0.0333333	1.53044	0.0318706	730347
4.8	-1.34538	2.02127	-1.67852	0.35396	0.0333333	2.04276	0.0626439	733389
4.83333	-1.27385	2.26494	-1.66435	0.505515	0.0333333	2.56497	0.127773	739576
4.86667	-1.19476	2.4746	-1.64416	0.71624	0.0333333	3.06182	0.2565	744925
4.9	-1.10931	2.64521	-1.61588	0.991721	0.0333333	3.49857	0.491756	750341
4.93333	-1.0189	2.77223	-1.57731	1.3335	0.0333333	3.84264	0.889115	752818
4.96667	-0.925036	2.85079	-1.52627	1.73935	0.0333333	4.0635	1.51266	755850
5	-0.829446	2.875	-1.4607	2.20391	0.0333333	4.1328	2.4286	762547
5.03333	-0.734051	2.83784	-1.37877	2.71953	0.0333333	4.02666	3.69793	765030
5.06667	-0.641021	2.73199	-1.27893	3.27714	0.0333333	3.73188	5.36982	767729
5.1	-0.552746	2.55185	-1.15994	3.86691	0.0333333	3.25597	7.4765	777025
5.13333	-0.471728	2.29734	-1.0209	4.47786	0.0333333	2.63888	10.0256	782300
5.16667	-0.400286	1.98103	-0.861358	5.09326	0.0333333	1.96224	12.9707	784834
5.2	-0.339933	1.64162	-0.68169	5.6764	0.0333333	1.34746	16.1107	787402
5.23333	-0.290194	1.36243	-0.484182	6.1449	0.0333333	0.928103	18.8799	794153
5.26667	-0.247058	1.26627	-0.274775	6.36729	0.0333333	0.801719	20.2712	799508
5.3	-0.20278	1.43467	-0.0635236	6.25081	0.0333333	1.02914	19.5363	802916
5.33333	-0.148956	1.82158	0.138666	5.84183	0.0333333	1.65909	17.0635	812791
5.36667	-0.0802596	2.30701	0.324046	5.26153	0.0333333	2.66114	13.8419	818462
5.4	0.00483836	2.79351	0.488536	4.59869	0.0333333	3.90185	10.574	822244
5.43333	0.105398	3.22914	0.630191	3.8962	0.0333333	5.21368	7.59019	829448
5.46667	0.219305	3.59243	0.748105	3.17768	0.0333333	6.45279	5.04883	832972
5.5	0.344019	3.87718	0.842113	2.4663	0.0333333	7.51628	3.04132	836323
5.53333	0.476894	4.0817	0.912945	1.79312	0.0333333	8.33014	1.60764	844865
5.56667	0.615181	4.20023	0.962546	1.20051	0.0333333	8.82095	0.720617	847503
5.6	0.755792	4.218	0.994454	0.740608	0.0333333	8.89577	0.27425	852655
5.63333	0.895051	4.11653	1.01393	0.46091	0.0333333	8.47289	0.106219	856992
5.66667	1.02884	3.89163	1.02736	0.374961	0.0333333	7.57241	0.0702979	860683
5.7	1.15338	3.56716	1.04067	0.444305	0.0333333	6.36231	0.0987034	868543
5.73333	1.26601	3.18436	1.05793	0.599449	0.0333333	5.07006	0.17967	871851
5.76667	1.36544	2.78022	1.08087	0.777129	0.0333333	3.86481	0.301965	877424
5.8	1.45138	2.3775	1.10954	0.93809	0.0333333	2.82626	0.440007	880606
5.83333	1.52407	1.98679	1.14303	1.06475	0.0333333	1.97367	0.566842	883136
5.86667	1.584	1.61149	1.1801	1.15309	0.0333333	1.29846	0.66481	888549
5.9	1.63168	1.25141	1.21951	1.2063	0.0333333	0.783014	0.727575	893224
5.93333	1.66758	0.904596	1.2602	1.23092	0.0333333	0.409147	0.757587	897710
5.96667	1.6921	0.568175	1.30134	1.23495	0.0333333	0.161411	0.762545	900546
6	1.70553	0.238744	1.34239	1.22668	0.0333333	0.0284992	0.752367	903434
6.03333	1.70805	-0.0873472	1.38307	1.21411	0.0333333	0.00381476	0.737027	911627
6.06667	1.69971	-0.413608	1.42336	1.20423	0.0333333	0.0855356	0.72509	914465
6.1	1.68045	-0.742767	1.46344	1.20206	0.0333333	0.275851	0.72247	917287
6.13333	1.65015	-1.07572	1.5036	1.20894	0.0333333	0.578584	0.73077	925211
6.16667	1.60871	-1.41005	1.54409	1.22032	0.0333333	0.994115	0.744587	929057
6.2	1.55621	-1.73867	1.58487	1.22343	0.0333333	1.51149	0.748387	934763
6.23333	1.49299	-2.05	1.62533	1.19729	0.0333333	2.10124	0.71675	940228
6.26667	1.41988	-2.33109	1.66409	1.11728	0.0333333	2.71698	0.624154	946227
6.3	1.33803	-2.573	1.69899	0.963348	0.0333333	3.31016	0.46402	948981
6.33333	1.2488	-2.77412	1.72738	0.726052	0.0333333	3.84786	0.263576	951430
6.36667	1.15349	-2.93851	1.74647	0.405918	0.0333333	4.31742	0.0823846	958068
6.4	1.05325	-3.07133	1.75358	0.00864515	0.0333333	4.71653	3.73693e-05	961186
6.43333	0.949064	-3.17474	1.74626	-0.458872	0.0333333	5.0395	0.105282	966694
6.46667	0.841955	-3.24591	1.72229	-0.989729	0.0333333	5.26798	0.489782	969611
6.5	0.733118	-3.27655	1.67966	-1.57627	0.0333333	5.36789	1.24232	972969
6.53333	0.624114	-3.25343	1.61669	-2.20899	0.0333333	5.29241	2.43981	979330
6.56667	0.517007	-3.15971	1.53201	-2.87629	0.0333333	4.99188	4.13651	984134
6.6	0.414457	-2.97692	1.42469	-3.56603	0.0333333	4.43103	6.35828	998554
6.63333	0.319731	-2.68758	1.29413	-4.26921	0.0333333	3.61153	9.11307	1002503
6.66667	0.236626	-2.27774	1.13994	-4.98532	0.0333333	2.59405	12.4267	1008942
6.7	0.169308	-1.73984	0.961496	-5.72719	0.0333333	1.51352	16.4003	1012307
6.73333	0.122003	-1.08025	0.757579	-6.51743	0.0333333	0.58347	21.2385	1015716
6.76667	0.0980926	-0.353417	0.526505	-7.34695	0.0333333	0.0624516	26.9888	1021257
6.8	0.0969704	0.231176	0.269284	-8.0283	0.0333333	0.0267212	32.2268	1030030
6.83333	0.107366	0.275615	-0.00196322	-8.11563	0.0333333	0.0379817	32.9317	1033727
6.86667	0.108367	-0.287743	-0.264006	-7.52886	0.0333333	0.0413979	28.3419	1037534
6.9	0.0857927	-1.07445	-0.501365	-6.70347	0.0333333	0.577217	22.4682	1047359
6.93333	0.0372128	-1.82453	-0.711053	-5.88418	0.0333333	1.66446	17.3118	1051044
6.96667	-0.0345513	-2.46014	-0.894005	-5.09622	0.0333333	3.02615	12.9857	1059213
7	-0.125358	-2.96684	-1.05087	-4.31515	0.0333333	4.40108	9.31027	1062986
7.03333	-0.230959	-3.34954	-1.18158	-3.52521	0.0333333	5.6097	6.21356	1069600
7.06667	-0.347442	-3.62273	-1.28579	-2.72682	0.0333333	6.56208	3.71777	1073881
7.1	-0.471486	-3.80704	-1.3634	-1.93159	0.0333333	7.24676	1.86552	1080117
7.13333	-0.60051	-3.92523	-1.41478	-1.15615	0.0333333	7.70373	0.66834	1082815
7.16667	-0.732657	-3.99713	-1.4409	-0.419089	0.0333333	7.98851	0.0878179	1085402
7.2	-0.866593	-4.0331	-1.4434	0.256476	0.0333333	8.13297	0.03289	1094407
7.23333	-1.00106	-4.02591	-1.42488	0.834264	0.0333333	8.10398	0.347998	1097053
7.26667	-1.13417	-3.94482	-1.3895	1.25744	0.0333333	7.78081	0.790573	1102795
7.3	-1.26276	-3.7493	-1.34343	1.46809	0.0333333	7.02863	1.07764	1106145
7.33333	-1.38274	-3.43151	-1.29402	1.46595	0.0333333	5.88764	1.07451	1109209
7.36667	-1.49067	-3.03642	-1.24718	1.33166	0.0333333	4.60993	0.886662	1114401
7.4	-1.58497	-2.62248	-1.2056	1.16413	0.0333333	3.43871	0.677603	1117329
7.43333	-1.66569	-2.22476	-1.16925	1.02446	0.0333333	2.47477	0.524757	1119797
7.46667	-1.7336	-1.85436	-1.13674	0.934943	0.0333333	1.71932	0.437059	1127823
7.5	-1.78961	-1.51016	-1.10634	0.897058	0.0333333	1.14029	0.402356	1131517
7.53333	-1.83451	-1.18673	-1.07643	0.904056	0.0333333	0.704167	0.408659	1138410
7.56667	-1.86888	-0.877797	-1.04567	0.946734	0.0333333	0.385264	0.448153	1145032
7.6	-1.89312	-0.577372	-1.01303	1.01554	0.0333333	0.166679	0.515658	1150318
7.63333	-1.90741	-0.280093	-0.977783	1.10114	0.0333333	0.0392261	0.606253	1152863
7.66667	-1.91178	0.018732	-0.939532	1.19443	0.0333333	0.000175444	0.713329	1156953
7.7	-1.9061	0.323104	-0.89817	1.28629	0.0333333	0.0521982	0.827274	1163804
7.73333	-1.89014	0.636309	-0.8539	1.36733	0.0333333	0.202445	0.934799	1166494
7.76667	-1.86355	0.960891	-0.807246	1.42758	0.0333333	0.461656	1.01899	1173283
7.8	-1.82593	1.29868	-0.759078	1.45626	0.0333333	0.843288	1.06035	1179022
7.83333	-1.77681	1.65095	-0.710642	1.44165	0.0333333	1.36282	1.03918	1183961
7.86667	-1.71569	2.01877	-0.66359	1.371	0.0333333	2.03771	0.939818	1186577
7.9	-1.64204	2.40371	-0.620018	1.23053	0.0333333	2.88892	0.757097	1190303
7.93333	-1.55522	2.80902	-0.582495	1.00542	0.0333333	3.94531	0.505439	1196508
7.96667	-1.45447	3.24122	-0.554106	0.679784	0.0333333	5.25276	0.231053	1200332
8	-1.33872	3.71185	-0.53848	0.236893	0.0333333	6.88891	0.0280593	1209395
8.03333	-1.20641	4.23731	-0.539777	-0.33717	0.0333333	8.9774	0.0568419	1212771
8.06667	-1.05549	4.82793	-0.56235	-1.03379	0.0333333	11.6545	0.534361	1218722
8.1	-0.884264	5.43803	-0.608967	-1.74604	0.0333333	14.7861	1.52432	1222611
8.13333	-0.694911	5.86768	-0.67517	-2.13011	0.0333333	17.2148	2.26869	1229874
8.16667	-0.497889	5.881	-0.742764	-1.79997	0.0333333	17.2931	1.61994	1233790
8.2	-0.306366	5.58095	-0.788791	-0.902934	0.0333333	15.5735	0.407645	1236361
8.23333	-0.126683	5.19697	-0.800978	0.181289	0.0333333	13.5043	0.0164328	1245866
8.26667	0.0400592	4.80652	-0.776741	1.26626	0.0333333	11.5513	0.801708	1248874
8.3	0.193511	4.39393	-0.71721	2.29372	0.0333333	9.65329	2.63057	1254268
8.33333	0.332342	3.92348	-0.624712	3.24181	0.0333333	7.69685	5.25467	1259727
8.36667	0.454102	3.36586	-0.502076	4.10158	0.0333333	5.66451	8.41149	1265776
8.4	0.555582	2.70515	-0.35219	4.87959	0.0333333	3.65891	11.9052	1268757
8.43333	0.633264	1.93842	-0.177377	5.60374	0.0333333	1.87873	15.7009	1271349
8.46667	0.683728	1.0751	0.0213134	6.32065	0.0333333	0.577917	19.9753	1279134
8.5	0.70428	0.156171	0.244308	7.06121	0.0333333	0.0121947	24.9303	1282750
8.53333	0.695215	-0.656487	0.491176	7.70904	0.0333333	0.215487	29.7146	1289748
8.56667	0.665848	-0.99562	0.752619	7.85689	0.0333333	0.49563	30.8653	1294737
8.6	0.635888	-0.724153	1.00725	7.33882	0.0333333	0.262199	26.9291	1300179
8.63333	0.620267	-0.202892	1.23937	6.58513	0.0333333	0.0205827	21.682	1302632
8.66667	0.621996	0.292603	1.44707	5.89573	0.0333333	0.0428082	17.3798	1311002
8.7	0.638655	0.689318	1.63369	5.31913	0.0333333	0.237579	14.1466	1314560
8.73333	0.666808	0.983491	1.80267	4.83259	0.0333333	0.483627	11.677	1318127
8.76667	0.70319	1.18486	1.95657	4.4103	0.0333333	0.701945	9.72539	1326185
8.8	0.744889	1.30432	2.09721	4.03499	0.0333333	0.850623	8.14059	1328741
8.83333	0.789349	1.35217	2.22598	3.69687	0.0333333	0.914183	6.83342	1334436
8.86667	0.834346	1.33815	2.34403	3.39093	0.0333333	0.895317	5.74919	1337040
8.9	0.877973	1.27144	2.45237	3.11467	0.0333333	0.808276	4.8506	1343495
8.93333	0.918618	1.16059	2.55199	2.86654	0.0333333	0.673481	4.10852	1346617
8.96667	0.954941	1.01329	2.64377	2.64484	0.0333333	0.513383	3.49758	1349740
9	0.985841	0.836247	2.72858	2.44722	0.0333333	0.349655	2.99445	1355749
9.03333	1.01042	0.635011	2.80715	2.27041	0.0333333	0.20162	2.57737	1360280
9.06667	1.02796	0.41398	2.88012	2.1101	0.0333333	0.0856898	2.22626	1365417
9.1	1.03784	0.176368	2.94795	1.96103	0.0333333	0.0155529	1.92283	1368802
9.13333	1.03955	-0.0757696	3.01091	1.81704	0.0333333	0.00287052	1.65082	1371850
9.16667	1.03264	-0.341491	3.06906	1.67108	0.0333333	0.0583082	1.39626	1378981
9.2	1.01664	-0.620884	3.12221	1.51536	0.0333333	0.192749	1.14815	1382272
9.23333	0.991081	-0.914909	-3.1133	1.34137	0.0333333	0.418529	0.899635	1384760
9.26667	0.955461	-1.22511	-3.07185	1.14021	0.0333333	0.750445	0.650037	1394670
9.3	0.909209	-1.55308	-3.03769	0.903105	0.0333333	1.20603	0.407799	1400379
9.33333	0.851716	-1.89962	-3.01213	0.622523	0.0333333	1.80427	0.193767	1403457
9.36667	0.782375	-2.26342	-2.99672	0.293992	0.0333333	2.56153	0.0432156	1410784
9.4	0.700683	-2.63949	-2.99305	-0.0813536	0.0333333	3.48346	0.00330921	1414043
9.43333	0.606383	-3.01767	-3.00256	-0.494039	0.0333333	4.55315	0.122037	1416938
9.46667	0.499658	-3.38194	-3.02619	-0.924532	0.0333333	5.71878	0.42738	1423327
9.5	0.381305	-3.71159	-3.06408	-1.34407	0.0333333	6.88795	0.903258	1427587
9.53333	0.252854	-3.9841	-3.1153	-1.71878	0.0333333	7.93653	1.47711	1434529
9.56667	0.116559	-4.17928	3.10538	-2.01626	0.0333333	8.73317	2.03265	1437296
9.6	-0.0247431	-4.28281	3.03461	-2.21207	0.0333333	9.17123	2.44663	1440231
9.63333	-0.167869	-4.28833	2.95918	-2.29415	0.0333333	9.19488	2.63157	1446362
9.66667	-0.30956	-4.19762	2.88291	-2.26406	0.0333333	8.81001	2.56298	1450095
9.7	-0.446738	-4.01958	2.80934	-2.13546	0.0333333	8.0785	2.28009	1457121
9.73333	-0.576717	-3.76834	2.74139	-1.93086	0.0333333	7.10019	1.86412	1461654
9.76667	-0.697337	-3.46102	2.68116	-1.67733	0.0333333	5.98932	1.40671	1466984
9.8	-0.807025	-3.11528	2.62981	-1.40199	0.0333333	4.85249	0.982781	1469640
9.83333	-0.904775	-2.74717	2.58767	-1.1283	0.0333333	3.77348	0.636528	1472987
9.86667	-0.990066	-2.36957	2.55438	-0.873654	0.0333333	2.80744	0.381635	1479151
9.9	-1.06274	-1.99154	2.5291	-0.648578	0.0333333	1.98312	0.210327	1481964
9.93333	-1.12289	-1.61845	2.51076	-0.457272	0.0333333	1.30968	0.104549	1484599
9.96667	-1.17072	-1.25264	2.49825	-0.298894	0.0333333	0.784549	0.0446688	1494110
10	-1.20648	-0.894268	2.49052	-0.16903	0.0333333	0.399857	0.0142856	1499969
10.0333	-1.23041	-0.542083	2.48674	-0.0609691	0.0333333	0.146927	0.00185861	1502613
10.0667	-1.24267	-0.194013	2.4863	0.0333426	0.0333333	0.0188205	0.000555865	1506689
10.1	-1.24336	0.152411	2.4889	0.122649	0.0333333	0.0116145	0.00752139	1513345
10.1333	-1.2325	0.499774	2.49452	0.215947	0.0333333	0.124887	0.0233166	1516405
10.1667	-1.21	0.850566	2.50344	0.322141	0.0333333	0.361732	0.0518874	1519017
10.2	-1.17573	1.20694	2.51624	0.449664	0.0333333	0.728354	0.101099	1528801
10.2333	-1.12946	1.57039	2.53374	0.605965	0.0333333	1.23306	0.183597	1532383
10.2667	-1.07096	1.94125	2.55702	0.796762	0.0333333	1.88423	0.317415	1538779
10.3	-0.999979	2.31811	2.58728	1.02502	0.0333333	2.68681	0.525337	1542936
10.3333	-0.91639	2.69706	2.62576	1.28978	0.0333333	3.63707	0.831766	1548418
10.3667	-0.820227	3.07116	2.6736	1.58499	0.0333333	4.716	1.2561	1551038
10.4	-0.711813	3.43019	2.73164	1.89895	0.0333333	5.88309	1.80301	1553483
10.4333	-0.59186	3.76114	2.80022	2.21465	0.0333333	7.07307	2.45233	1563352
10.4667	-0.461545	4.04938	2.87907	2.51145	0.0333333	8.19876	3.15369	1566238
10.5	-0.322536	4.2805	2.9672	2.76785	0.0333333	9.16134	3.8305	1568803
10.5333	-0.176951	4.44219	3.06293	2.96477	0.0333333	9.86651	4.39493	1576660
10.5667	-0.0272584	4.52593	-3.11915	3.08848	0.0333333	10.242	4.76934	1579263
10.6	0.123868	4.52802	-3.01524	3.13258	0.0333333	10.2515	4.90654	1582055
10.6333	0.273717	4.44989	-2.91118	3.09871	0.0333333	9.90077	4.801	1589666
10.6667	0.419703	4.2977	-2.80943	2.99588	0.0333333	9.23512	4.48766	1592194
10.7	0.559517	4.08142	-2.71206	2.83888	0.0333333	8.32898	4.02962	1597504
10.7333	0.691223	3.81346	-2.62057	2.64586	0.0333333	7.27125	3.50028	1600872
10.7667	0.813323	3.50722	-2.53586	2.43577	0.0333333	6.15031	2.96648	1603382
10.8	0.924756	3.17556	-2.45818	2.22595	0.0333333	5.04208	2.47743	1613223
10.8333	1.02487	2.82967	-2.3873	2.03043	0.0333333	4.0035	2.06132	1615908
10.8667	1.11334	2.47841	-2.32255	1.85896	0.0333333	3.07126	1.72787	1618315
10.9	1.19011	2.12809	-2.26304	1.717	0.0333333	2.26437	1.47404	1626150
10.9333	1.25527	1.78258	-2.20774	1.6061	0.0333333	1.58879	1.28977	1628501
10.9667	1.30902	1.44374	-2.15564	1.52477	0.0333333	1.04219	1.16246	1630991
11	1.3516	1.11182	-2.1058	1.46927	0.0333333	0.618072	1.07938	1636930
11.0333	1.38321	0.785895	-2.05745	1.43446	0.0333333	0.308815	1.02883	1641253
11.0667	1.40404	0.464229	-2.01001	1.4144	0.0333333	0.107754	1.00026	1646750
11.1	1.41418	0.14466	-1.96306	1.40312	0.0333333	0.0104633	0.984375	1650302
11.1333	1.41368	-0.174926	-1.91643	1.39538	0.0333333	0.0152996	0.973544	1653753
11.1667	1.4025	-0.495929	-1.87004	1.38775	0.0333333	0.122973	0.962922	1663943
11.2	1.3806	-0.818101	-1.82391	1.38008	0.0333333	0.334645	0.952317	1666758
11.2333	1.34798	-1.13854	-1.77798	1.3772	0.0333333	0.648132	0.948344	1669256
11.2667	1.30479	-1.45106	-1.73193	1.38997	0.0333333	1.05279	0.966012	1678562
11.3	1.25143	-1.74693	-1.68496	1.43465	0.0333333	1.52589	1.02911	1681213
11.3333	1.18861	-2.01743	-1.63573	1.52944	0.0333333	2.03501	1.1696	1686741
11.3667	1.11727	-2.2579	-1.58228	1.68918	0.0333333	2.54907	1.42667	1690362
11.4	1.03839	-2.47132	-1.52231	1.92104	0.0333333	3.05371	1.84519	1695803
11.4333	0.952689	-2.66933	-1.45341	2.22463	0.0333333	3.56266	2.47449	1698312
11.4667	0.860393	-2.87087	-1.37324	2.59716	0.0333333	4.12096	3.37261	1701352
11.5	0.760988	-3.10046	-1.27947	3.04133	0.0333333	4.80642	4.62485	1710652
11.5333	0.653044	-3.38918	-1.1695	3.57437	0.0333333	5.74327	6.38807	1713488
11.5667	0.533904	-3.78134	-1.03973	4.23998	0.0333333	7.14925	8.98873	1716269
11.6	0.399002	-4.35129	-0.884365	5.13117	0.0333333	9.46686	13.1644	1724201
11.6333	0.240352	-5.23634	-0.693119	6.43482	0.0333333	13.7096	20.7034	1727553
11.6667	0.0444086	-6.59642	-0.447952	8.3794	0.0333333	21.7564	35.1071	1733756
11.7	-0.195536	-7.47268	-0.139773	9.66106	0.0333333	27.9205	46.6681	1737615
11.7333	-0.426535	-6.19208	0.158744	7.98639	0.0333333	19.1709	31.8912	1744846
11.7667	-0.608896	-4.83403	0.393853	6.24272	0.0333333	11.6839	19.4858	1748430
11.8	-0.75388	-3.92328	0.582321	5.15205	0.0333333	7.69608	13.2718	1754607
11.8333	-0.873295	-3.27202	0.741723	4.462	0.0333333	5.35305	9.95472	1759752
11.8667	-0.973476	-2.75421	0.882424	4.01183	0.0333333	3.79285	8.04738	1762368
11.9	-1.05763	-2.30202	1.01095	3.72225	0.0333333	2.64965	6.92758	1767774
11.9333	-1.12724	-1.87719	1.13189	3.55187	0.0333333	1.76192	6.3079	1770338
11.9667	-1.18284	-1.45869	1.24877	3.47454	0.0333333	1.06389	6.03622	1777264
12	-1.22447	-1.03851	1.36431	3.46726	0.0333333	0.539252	6.01094	1780950
12.0333	-1.25209	-0.619871	1.48042	3.50434	0.0333333	0.19212	6.1402	1784196
12.0667	-1.26593	-0.214079	1.59811	3.55772	0.0333333	0.0229149	6.3287	1792615
12.1	-1.26665	0.16552	1.7175	3.60283	0.0333333	0.0136984	6.49019	1799818
12.1333	-1.25529	0.510218	1.83805	3.62567	0.0333333	0.130161	6.57274	1803420
12.1667	-1.23304	0.819251	1.95896	3.62563	0.0333333	0.335586	6.57258	1811148
12.2	-1.20101	1.0983	2.07961	3.61223	0.0333333	0.603126	6.52412	1815163
12.2333	-1.16006	1.35551	2.19978	3.59937	0.0333333	0.918698	6.47773	1820952
12.2667	-1.1108	1.59806	2.31972	3.60057	0.0333333	1.2769	6.48206	1827123
12.3	-1.05363	1.83037	2.4401	3.62677	0.0333333	1.67512	6.57674	1832123
12.3333	-0.988876	2.05358	2.56187	3.68576	0.0333333	2.10859	6.79242	1836159
12.3667	-0.916852	2.26568	2.68623	3.7823	0.0333333	2.56665	7.1529	1843179
12.4	-0.838008	2.46169	2.81447	3.91833	0.0333333	3.02997	7.67665	1847242
12.4333	-0.753003	2.63387	2.94788	4.09295	0.0333333	3.46863	8.37611	1850822
12.4667	-0.662797	2.77177	3.08772	4.30227	0.0333333	3.84135	9.25475	1859892
12.5	-0.568741	2.86256	-3.04818	4.53923	0.0333333	4.09712	10.3023	1865531
12.5333	-0.472646	2.89161	-2.89266	4.7938	0.0333333	4.18071	11.4903	1868181
12.5667	-0.376822	2.84373	-2.72853	5.05376	0.0333333	4.0434	12.7702	1870788
12.6	-0.284074	2.70506	-2.55582	5.3067	0.0333333	3.65868	14.0805	1881155
12.6333	-0.197608	2.46549	-2.37494	5.54317	0.0333333	3.03931	15.3634	1883831
12.6667	-0.120881	2.12055	-2.18649	5.76071	0.0333333	2.24836	16.5929	1890278
12.7	-0.0573944	1.6717	-1.99101	5.96781	0.0333333	1.39729	17.8074	1893315
12.7333	-0.0105363	1.12359	-1.7885	6.18727	0.0333333	0.631228	19.1412	1895819
12.7667	0.0164305	0.477746	-1.57795	6.45961	0.0333333	0.114121	20.8633	1902462
12.8	0.020107	-0.277611	-1.35657	6.84992	0.0333333	0.038534	23.4607	1906864
12.8333	-0.00372133	-1.18254	-1.11882	7.46426	0.0333333	0.699198	27.8576	1914116
12.8667	-0.0612848	-2.31757	-0.854587	8.47255	0.0333333	2.68557	35.892	1917955
12.9	-0.160985	-3.67063	-0.548274	9.95679	0.0333333	6.73675	49.5688	1926790
12.9333	-0.297253	-4.18582	-0.198839	10.6456	0.0333333	8.76054	56.6645	1933165
12.9667	-0.418675	-2.93995	0.13721	9.36476	0.0333333	4.32164	43.8494	1936792
13	-0.491775	-1.48526	0.426772	8.09735	0.0333333	1.103	32.7836	1945993
13.0333	-0.52056	-0.278779	0.682555	7.31505	0.0333333	0.0388588	26.755	1948977
13.0667	-0.512347	0.747232	0.917608	6.82006	0.0333333	0.279178	23.2566	1954306
13.1	-0.472184	1.64211	1.13855	6.44642	0.0333333	1.34826	20.7782	1960146
13.1333	-0.404266	2.41094	1.34748	6.08425	0.0333333	2.90631	18.5091	1964893
13.1667	-0.313043	3.03683	1.54349	5.66232	0.0333333	4.61116	16.0309	1968514
13.2	-0.203615	3.50074	1.72387	5.14261	0.0333333	6.1276	13.2232	1972731
13.2333	-0.0815528	3.79493	1.88516	4.5182	0.0333333	7.20073	10.2071	1980604
13.2667	0.0475877	3.92831	2.02412	3.80777	0.0333333	7.7158	7.24956	1984117
13.3	0.178808	3.92465	2.13844	3.04608	0.0333333	7.70144	4.63929	1993267
13.3333	0.308069	3.81649	2.22707	2.27309	0.0333333	7.28281	2.58346	1997234
13.3667	0.432464	3.63824	2.29026	1.52479	0.0333333	6.61841	1.1625	2002464
13.4	0.550185	3.42071	2.3293	0.827484	0.0333333	5.85063	0.342365	2007281
13.4333	0.660346	3.18807	2.34616	0.195818	0.0333333	5.08191	0.0191723	2014960
13.4667	0.762745	2.95723	2.34313	-0.366031	0.0333333	4.37259	0.0669893	2017669
13.5	0.857633	2.73868	2.32249	-0.861652	0.0333333	3.75019	0.371222	2026902
13.5333	0.945526	2.53816	2.28633	-1.29938	0.0333333	3.22114	0.844194	2033322
13.5667	1.02707	2.35813	2.23639	-1.68975	0.0333333	2.78038	1.42763	2036162
13.6	1.10297	2.19884	2.17409	-2.04359	0.0333333	2.41745	2.08812	2039879
13.6333	1.17388	2.05875	2.10045	-2.37043	0.0333333	2.11922	2.80948	2046411
13.6667	1.24039	1.93392	2.01628	-2.67672	0.0333333	1.87002	3.58242	2049990
13.7	1.30289	1.81621	1.92223	-2.96293	0.0333333	1.64932	4.38948	2060210
13.7333	1.36138	1.69021	1.81908	-3.21947	0.0333333	1.42841	5.18248	2063394
13.7667	1.4152	1.53109	1.70817	-3.42385	0.0333333	1.17212	5.86136	2069253
13.8	1.46276	1.30977	1.59173	-3.54738	0.0333333	0.857746	6.29195	2074217
13.8333	1.50163	1.00909	1.47275	-3.5761	0.0333333	0.509127	6.39426	2080371
13.8667	1.52922	0.636583	1.3542	-3.52628	0.0333333	0.202619	6.21733	2083869
13.9	1.54353	0.215567	1.23817	-3.43065	0.0333333	0.0232346	5.88467	2092865
13.9333	1.54329	-0.232836	1.12572	-3.31363	0.0333333	0.0271062	5.49009	2099070
13.9667	1.52783	-0.696867	1.01741	-3.18222	0.0333333	0.242812	5.06325	2102525
14	1.49672	-1.17179	0.913801	-3.02989	0.0333333	0.686543	4.59012	2107242
14.0333	1.44961	-1.65601	0.815804	-2.84283	0.0333333	1.37118	4.04084	2113598
14.0667	1.38622	-2.14893	0.724853	-2.60414	0.0333333	2.30895	3.39077	2116442
14.1	1.30625	-2.65055	0.64296	-2.29664	0.0333333	3.51271	2.63728	2121944
14.1333	1.20941	-3.16205	0.572677	-1.90534	0.0333333	4.99928	1.81516	2129379
14.1667	1.09531	-3.68603	0.516974	-1.42113	0.0333333	6.7934	1.0098	2134525
14.2	0.963518	-4.22346	0.478918	-0.849521	0.0333333	8.91881	0.360843	2137077
14.2333	0.813738	-4.76018	0.460863	-0.233582	0.0333333	11.3297	0.0272803	2144486
14.2667	0.64684	-5.23397	0.462466	0.298616	0.0333333	13.6972	0.0445858	2147234
14.3	0.466982	-5.51233	0.477209	0.511335	0.0333333	15.1929	0.130732	2150208
14.3333	0.282761	-5.49071	0.490901	0.226681	0.0333333	15.0739	0.0256922	2156915
14.3667	0.103673	-5.22477	0.487783	-0.462069	0.0333333	13.6491	0.106754	2161831
14.4	-0.0641994	-4.83403	0.45811	-1.33295	0.0333333	11.6839	0.888375	2167654
14.4333	-0.217904	-4.37929	0.398609	-2.23466	0.0333333	9.58909	2.49686	2170300
14.4667	-0.355544	-3.86935	0.309579	-3.09752	0.0333333	7.48592	4.79731	2176791
14.5	-0.475167	-3.29711	0.192842	-3.89501	0.0333333	5.43548	7.58554	2179930
14.5333	-0.57462	-2.65948	0.0506834	-4.62355	0.0333333	3.53643	10.6886	2182884
14.5667	-0.651843	-1.96655	-0.114723	-5.29156	0.0333333	1.93366	14.0003	2194423
14.6	-0.705477	-1.25314	-0.301439	-5.89965	0.0333333	0.78518	17.4029	2200263
14.6333	-0.736081	-0.605136	-0.506827	-6.39533	0.0333333	0.183095	20.4501	2203540
14.6667	-0.748278	-0.178029	-0.724903	-6.63019	0.0333333	0.0158472	21.9797	2211448
14.7	-0.75185	-0.0936368	-0.944375	-6.47292	0.0333333	0.00438392	20.9494	2214345
14.7333	-0.757525	-0.27619	-1.15306	-6.01627	0.0333333	0.0381404	18.0977	2217296
14.7667	-0.771245	-0.55014	-1.34442	-5.46218	0.0333333	0.151327	14.9177	2225182
14.8	-0.793948	-0.803739	-1.51745	-4.92747	0.0333333	0.322998	12.14	2228562
14.8333	-0.824135	-0.995984	-1.67352	-4.44575	0.0333333	0.495992	9.88234	2233825
14.8667	-0.859569	-1.11854	-1.81444	-4.01837	0.0333333	0.625569	8.07364	2236581
14.9	-0.897965	-1.17464	-1.94195	-3.63942	0.0333333	0.689893	6.62269	2243339
14.9333	-0.937216	-1.17118	-2.05754	-3.30313	0.0333333	0.685828	5.45533	2246348
14.9667	-0.975468	-1.11598	-2.16258	-3.00503	0.0333333	0.622701	4.51511	2249646
15	-1.01113	-1.01678	-2.25826	-2.74151	0.0333333	0.516922	3.75793	2260612
15.0333	-1.04285	-0.880807	-2.34569	-2.5091	0.0333333	0.387911	3.14779	2265681
15.0667	-1.06951	-0.714515	-2.42584	-2.30404	0.0333333	0.255266	2.65431	2268521
15.1	-1.09021	-0.523495	-2.49955	-2.12198	0.0333333	0.137024	2.25139	2277077
15.1333	-1.10419	-0.312408	-2.56751	-1.95783	0.0333333	0.0487995	1.91655	2283132
15.1667	-1.11085	-0.0849595	-2.63021	-1.80582	0.0333333	0.00360906	1.63049	2298775
15.2	-1.1097	0.156106	-2.68796	-1.65948	0.0333333	0.0121846	1.37694	2302789
15.2333	-1.10031	0.408997	-2.74082	-1.51172	0.0333333	0.0836391	1.14264	2312173
15.2667	-1.08231	0.67284	-2.78864	-1.35479	0.0333333	0.226357	0.917722	2316233
15.3	-1.05534	0.947616	-2.83095	-1.18031	0.0333333	0.448988	0.696572	2318903
15.3333	-1.01901	1.23401	-2.86703	-0.979288	0.0333333	0.761394	0.479502	2328407
15.3667	-0.972926	1.53318	-2.89583	-0.742114	0.0333333	1.17532	0.275367	2335096
15.4	-0.916642	1.84629	-2.91599	-0.458881	0.0333333	1.7044	0.105286	2339192
15.4333	-0.849679	2.17387	-2.92581	-0.119925	0.0333333	2.36286	0.00719101	2341726
15.4667	-0.771567	2.51482	-2.92327	0.283098	0.0333333	3.16217	0.0400724	2347618
15.5	-0.681918	2.86517	-2.90616	0.755594	0.0333333	4.10459	0.285461	2350590
15.5333	-0.580541	3.21669	-2.87212	1.29798	0.0333333	5.17355	0.84238	2353295
15.5667	-0.467607	3.55589	-2.81892	1.90373	0.0333333	6.32217	1.8121	2362604
15.6	-0.343829	3.86368	-2.74466	2.55823	0.0333333	7.46401	3.27228	2366469
15.6333	-0.210641	4.11625	-2.64807	3.23919	0.0333333	8.47177	5.24618	2371429
15.6667	-0.0703223	4.28688	-2.52873	3.91843	0.0333333	9.18868	7.67705	2375494
15.7	0.0739361	4.34817	-2.38722	4.56441	0.0333333	9.45328	10.4169	2378169
15.7333	0.218054	4.27448	-2.22517	5.14468	0.0333333	9.13558	13.2339	2383552
15.7667	0.357168	4.0451	-2.04531	5.62883	0.0333333	8.18143	15.8419	2386109
15.8	0.48587	3.64903	-1.85124	5.99381	0.0333333	6.6577	17.9629	2389159
15.8333	0.598624	3.0905	-1.64714	6.23216	0.0333333	4.77558	19.4199	2395862
15.8667	0.690338	2.3916	-1.437	6.36028	0.0333333	2.85988	20.2266	2398603
15.9	0.756891	1.58709	-1.22387	6.42109	0.0333333	1.25942	20.6152	2401221
15.9333	0.795354	0.710871	-1.00896	6.47974	0.0333333	0.252669	20.9935	2409914
15.9667	0.803676	-0.221123	-0.791009	6.61845	0.0333333	0.0244478	21.9019	2415691
16	0.779796	-1.22841	-0.56569	6.9423	0.0333333	0.754494	24.0977	2418830
16.0333	0.720133	-2.38684	-0.324434	7.60752	0.0333333	2.84851	28.9372	2421284
16.0667	0.617414	-3.83594	-0.0520724	8.85073	0.0333333	7.35721	39.1677	2427715
16.1	0.462518	-5.37179	0.271074	10.4739	0.0333333	14.4281	54.8515	2430359
16.1333	0.280209	-5.15702	0.621604	10.0579	0.0333333	13.2974	50.5807	2433111
16.1667	0.131755	-3.75287	0.92713	8.31472	0.0333333	7.042	34.5672	2439271
16.2	0.0263046	-2.63506	1.18281	7.12973	0.0333333	3.47176	25.4165	2443917
16.2333	-0.0471267	-1.80648	1.40794	6.44113	0.0333333	1.63168	20.7441	2449127
16.2667	-0.0958881	-1.13845	1.6155	6.051	0.0333333	0.648039	18.3073	2452061
16.3	-0.123991	-0.558647	1.81342	5.8495	0.0333333	0.156043	17.1083	2454584
16.3333	-0.133716	-0.0321834	2.00688	5.77598	0.0333333	0.000517885	16.681	2463039
16.3667	-0.126584	0.453457	2.19947	5.79161	0.0333333	0.102812	16.7714	2466378
16.4	-0.103967	0.895365	2.39364	5.86605	0.0333333	0.400839	17.2053	2472005
16.4333	-0.0675375	1.27901	2.59089	5.97128	0.0333333	0.817928	17.8281	2476892
16.4667	-0.0195954	1.58196	2.79177	6.07986	0.0333333	1.25131	18.4824	2479752
16.5	0.0367476	1.7789	2.99596	6.16594	0.0333333	1.58225	19.0094	2485118
16.5333	0.0975699	1.84762	-3.08085	6.20812	0.0333333	1.70685	19.2704	2487542
16.5667	0.158351	1.77539	-2.87399	6.19325	0.0333333	1.57601	19.1782	2494289
16.6	0.214377	1.56401	-2.66861	6.12089	0.0333333	1.22306	18.7327	2497087
16.6333	0.261263	1.23109	-2.46641	6.00594	0.0333333	0.757797	18.0357	2499799
16.6667	0.295418	0.805353	-2.26837	5.87682	0.0333333	0.324297	17.2685	2505940
16.7	0.314262	0.31705	-2.07438	5.76919	0.0333333	0.0502604	16.6418	2510835
16.7333	0.316111	-0.211718	-1.88311	5.71973	0.0333333	0.0224123	16.3577	2516318
16.7667	0.299786	-0.773588	-1.69202	5.76481	0.0333333	0.299219	16.6165	2518970
16.8	0.26405	-1.38015	-1.49728	5.94611	0.0333333	0.952412	17.6781	2521712
16.8333	0.206884	-2.06833	-1.29343	6.32546	0.0333333	2.13899	20.0057	2528688
16.8667	0.124416	-2.91603	-1.07218	7.01511	0.0333333	4.2516	24.6059	2531310
16.9	0.00912096	-4.06795	-0.81999	8.227	0.0333333	8.27411	33.8418	2534128
16.9333	-0.151226	-5.5742	-0.515893	10.0832	0.0333333	15.5359	50.835	2543209
16.9667	-0.349955	-5.90431	-0.161837	10.6062	0.0333333	17.4304	56.2455	2549065
17	-0.521821	-4.32162	0.163382	8.83864	0.0333333	9.3382	39.0608	2552744
17.0333	-0.640589	-2.87338	0.433555	7.49925	0.0333333	4.12816	28.1194	2556910
17.0667	-0.717075	-1.75505	0.670349	6.78908	0.0333333	1.54011	23.0458	2563233
17.1	-0.75938	-0.80061	0.890296	6.45505	0.0333333	0.320488	20.8338	2566964
17.1333	-0.771219	0.0826457	1.10314	6.34397	0.0333333	0.00341516	20.123	2572796
17.1667	-0.754267	0.928954	1.31464	6.36047	0.0333333	0.431478	20.2278	2577561
17.2	-0.709729	1.73491	1.52777	6.43111	0.0333333	1.50495	20.6796	2583891
17.2333	-0.63935	2.47367	1.74328	6.49353	0.0333333	3.05951	21.083	2586415
17.2667	-0.545954	3.11039	1.96005	6.50065	0.0333333	4.83726	21.1292	2589874
17.3	-0.433432	3.61808	2.17577	6.42887	0.0333333	6.54525	20.6652	2596113
17.3333	-0.306296	3.98719	2.38778	6.28019	0.0333333	7.94886	19.7204	2598857
17.3667	-0.169079	4.22522	2.59382	6.07479	0.0333333	8.92626	18.4515	2601426
17.4	-0.0258763	4.34973	2.79244	5.83957	0.0333333	9.46006	17.0503	2612723
17.4333	0.119867	4.38099	2.98307	5.59932	0.0333333	9.59652	15.6762	2615870
17.4667	0.265363	4.33772	-3.1173	5.37296	0.0333333	9.40791	14.4343	2620933
17.5	0.408396	4.23565	-2.94162	5.1734	0.0333333	8.97035	13.3821	2626395
17.5333	0.547228	4.08748	-2.77202	5.00877	0.0333333	8.35376	12.5439	2631609
17.5667	0.680495	3.90323	-2.60726	4.88341	0.0333333	7.6176	11.9239	2634789
17.6	0.807124	3.69013	-2.44601	4.79826	0.0333333	6.80855	11.5117	2637332
17.6333	0.926231	3.45231	-2.28696	4.75051	0.0333333	5.95923	11.2837	2645286
17.6667	1.03701	3.19011	-2.12898	4.73279	0.0333333	5.08841	11.1997	2648069
17.7	1.13859	2.89958	-1.97125	4.73247	0.0333333	4.20379	11.1981	2650818
17.7333	1.22991	2.5727	-1.81348	4.73164	0.0333333	3.30939	11.1942	2659010
17.7667	1.30959	2.19919	-1.65605	4.70918	0.0333333	2.41821	11.0882	2661959
17.8	1.37591	1.77057	-1.49999	4.64589	0.0333333	1.56746	10.7922	2667193
17.8333	1.42699	1.28555	-1.34689	4.53207	0.0333333	0.826315	10.2698	2669705
17.8667	1.46109	0.75364	-1.19836	4.37393	0.0333333	0.283987	9.56561	2673058
17.9	1.47692	0.193643	-1.05554	4.19423	0.0333333	0.0187488	8.79579	2679440
17.9333	1.47392	-0.373153	-0.918611	4.02617	0.0333333	0.0696217	8.10502	2683367
17.9667	1.45215	-0.931082	-0.786605	3.90473	0.0333333	0.433457	7.62346	2690627
18	1.41201	-1.47557	-0.657426	3.86143	0.0333333	1.08866	7.45532	2696282
18.0333	1.35383	-2.01541	-0.52799	3.92499	0.0333333	2.03093	7.70276	2701198
18.0667	1.27744	-2.5743	-0.394218	4.12792	0.0333333	3.3135	8.51987	2703849
18.1	1.18153	-3.19588	-0.250711	4.51979	0.0333333	5.10683	10.2142	2707518
18.1333	1.06285	-3.95739	-0.089819	5.1915	0.0333333	7.83047	13.4758	2714012
18.1667	0.914688	-4.99192	0.100328	6.31001	0.0333333	12.4596	19.9081	2716817
18.2	0.725785	-6.38036	0.337346	7.97119	0.0333333	20.3545	31.7699	2722483
18.2333	0.496476	-7.05895	0.622138	8.67376	0.0333333	24.9144	37.617	2728349
18.2667	0.275778	-6.0632	0.886726	7.02698	0.0333333	18.3812	24.6892	2733321
18.3	0.0910131	-5.09323	1.09158	5.34824	0.0333333	12.9705	14.3019	2736419
18.3333	-0.0681763	-4.51228	1.24835	4.11631	0.0333333	10.1803	8.47199	2740332
18.3667	-0.212663	-4.19053	1.36879	3.13838	0.0333333	8.78026	4.92472	2749713
18.4	-0.349342	-4.0318	1.45886	2.27842	0.0333333	8.1277	2.5956	2755594
18.4333	-0.482607	-3.97766	1.52121	1.46748	0.0333333	7.91087	1.07675	2760265
18.4667	-0.615201	-3.985	1.55694	0.679483	0.0333333	7.9401	0.230848	2766495
18.5	-0.748524	-4.01496	1.5668	-0.0818228	0.0333333	8.05995	0.00334748	2770072
18.5333	-0.882709	-4.03104	1.55203	-0.79355	0.0333333	8.12465	0.314861	2778828
18.5667	-1.01677	-4.00304	1.51477	-1.42657	0.0333333	8.01215	1.01755	2781820
18.6	-1.14887	-3.91199	1.45806	-1.95812	0.0333333	7.65182	1.91711	2784415
18.6333	-1.27679	-3.75176	1.38547	-2.37865	0.0333333	7.03786	2.829	2794387
18.6667	-1.39826	-3.52627	1.30069	-2.69119	0.0333333	6.21729	3.62126	2799077
18.7	-1.51125	-3.24459	1.20714	-2.90604	0.0333333	5.26368	4.22252	2801922
18.7333	-1.61406	-2.91683	1.1079	-3.03533	0.0333333	4.25394	4.60663	2804467
18.7667	-1.7053	-2.55193	1.00562	-3.08995	0.0333333	3.25617	4.77389	2811131
18.8	-1.78386	-2.15734	0.902633	-3.07889	0.0333333	2.32705	4.73978	2814704
18.8333	-1.84886	-1.7397	0.800996	-3.01048	0.0333333	1.51328	4.53148	2817448
18.8667	-1.89966	-1.30582	0.702469	-2.89399	0.0333333	0.852578	4.18759	2825152
18.9	-1.93582	-0.86308	0.608471	-2.74092	0.0333333	0.372453	3.75632	2829143
18.9333	-1.95718	-0.419272	0.519994	-2.5652	0.0333333	0.0878943	3.29013	2834853
18.9667	-1.96384	0.0182748	0.437535	-2.38251	0.0333333	0.000166984	2.83819	2837542
19	-1.9561	0.443697	0.361057	-2.20906	0.0333333	0.0984336	2.43996	2844574
19.0333	-1.93443	0.853452	0.289989	-2.06038	0.0333333	0.36419	2.12258	2848361
19.0667	-1.89939	1.24681	0.223264	-1.95073	0.0333333	0.777269	1.90268	2854659
19.1	-1.85147	1.62609	0.159363	-1.89303	0.0333333	1.32209	1.79177	2862140
19.1333	-1.79108	1.99686	0.0963491	-1.89951	0.0333333	1.99373	1.80408	2867725
19.1667	-1.71834	2.36845	0.0318717	-1.9832	0.0333333	2.80477	1.96654	2870358
19.2	-1.63301	2.75522	-0.0368995	-2.16029	0.0333333	3.79561	2.33343	2877276
19.2333	-1.53425	3.17926	-0.113443	-2.45447	0.0333333	5.05383	3.01221	2881524
19.2667	-1.42027	3.67572	-0.202252	-2.90444	0.0333333	6.75545	4.21788	2890359
19.3	-1.28777	4.30186	-0.309518	-3.57583	0.0333333	9.25301	6.39329	2897694
19.3333	-1.13111	5.13958	-0.444158	-4.56201	0.0333333	13.2076	10.406	2900544
19.3667	-0.942699	6.17379	-0.616879	-5.80584	0.0333333	19.0578	16.8539	2903161
19.4	-0.724786	6.71423	-0.822946	-6.27606	0.0333333	22.5405	19.6945	2912151
19.4333	-0.507835	6.19753	-1.01573	-5.11572	0.0333333	19.2047	13.0853	2914766
19.4667	-0.312626	5.54883	-1.16077	-3.60792	0.0333333	15.3947	6.50856	2917567
19.5	-0.135149	5.13833	-1.25849	-2.28694	0.0333333	13.2012	2.61504	2926538
19.5333	0.0320227	4.91612	-1.3148	-1.10764	0.0333333	12.0841	0.613438	2929076
19.5667	0.193767	4.80012	-1.33309	0.0025447	0.0333333	11.5206	3.23774e-06	2934199
19.6	0.35244	4.72116	-1.31507	1.07167	0.0333333	11.1447	0.574236	2937046
19.6333	0.508245	4.61854	-1.2622	2.08943	0.0333333	10.6654	2.18286	2940584
19.6667	0.659486	4.43934	-1.17673	3.02128	0.0333333	9.85388	4.56406	2946645
19.7	0.802898	4.14355	-1.06221	3.82527	0.0333333	8.58451	7.31635	2949565
19.7333	0.934189	3.71049	-0.923496	4.46921	0.0333333	6.88388	9.98693	2954985
19.7667	1.04875	3.14179	-0.766158	4.94353	0.0333333	4.93541	12.2192	2961566
19.8	1.14236	2.45806	-0.595619	5.26654	0.0333333	3.02102	13.8682	2967163
19.8333	1.21168	1.68964	-0.416256	5.48205	0.0333333	1.42745	15.0265	2969824
19.8667	1.25437	0.864	-0.230654	5.6525	0.0333333	0.373248	15.9754	2976949
19.9	1.26879	-0.00674404	-0.0390854	5.85378	0.0333333	2.2741e-05	17.1333	2980150
19.9333	1.25328	-0.936366	0.160947	6.17735	0.0333333	0.438391	19.0798	2983850
19.9667	1.20521	-1.97084	0.375375	6.73886	0.0333333	1.94211	22.7061	2992850
20	1.1202	-3.15045	0.614063	7.63757	0.0333333	4.96267	29.1663	2996394
20.0333	0.996422	-4.17805	0.88493	8.51555	0.0333333	8.72806	36.2573	3001531
20.0667	0.854263	-4.14222	1.16685	8.1453	0.0333333	8.57901	33.173	3004109
20.1	0.72801	-3.41149	1.41902	6.97213	0.0333333	5.81912	24.3053	3010354
20.1333	0.625522	-2.77222	1.63416	5.98901	0.0333333	3.84259	17.9341	3013611
20.1667	0.540997	-2.328	1.82144	5.28693	0.0333333	2.70979	13.9758	3016512
20.2	0.46872	-2.02855	1.98869	4.77223	0.0333333	2.05752	11.3871	3022876
20.2333	0.404632	-1.83119	2.14085	4.37221	0.0333333	1.67662	9.55812	3029073
20.2667	0.345799	-1.70997	2.28093	4.04124	0.0333333	1.46199	8.16583	3036558
20.3	0.289962	-1.6494	2.41071	3.75038	0.0333333	1.36026	7.03269	3042716
20.3333	0.23528	-1.63915	2.5312	3.48128	0.0333333	1.34341	6.05966	3045749
20.3667	0.180228	-1.66994	2.64293	3.22433	0.0333333	1.39435	5.19814	3048580
20.4	0.123626	-1.72977	2.74629	2.97983	0.0333333	1.49605	4.4397	3051301
20.4333	0.0647828	-1.80084	2.84186	2.76038	0.0333333	1.62151	3.80984	3060181
20.4667	0.00370934	-1.85931	2.93086	2.59038	0.0333333	1.72851	3.35504	3064758
20.5	-0.0587554	-1.8807	3.01542	2.49826	0.0333333	1.76851	3.12066	3067690
20.5333	-0.121087	-1.85017	3.09848	2.50172	0.0333333	1.71157	3.12931	3070188
20.5667	-0.181547	-1.7704	-3.09996	2.59644	0.0333333	1.56715	3.37076	3078450
20.6	-0.238767	-1.65965	-3.01086	2.75867	0.0333333	1.37722	3.80514	3082169
20.6333	-0.292116	-1.54209	-2.91563	2.95903	0.0333333	1.18901	4.37792	3085499
20.6667	-0.341731	-1.43857	-2.81342	3.17521	0.0333333	1.03475	5.04099	3098123
20.7	-0.388336	-1.36328	-2.70389	3.39668	0.0333333	0.929259	5.76872	3101794
20.7333	-0.433027	-1.32482	-2.58692	3.62313	0.0333333	0.877574	6.56355	3105437
20.7667	-0.477133	-1.32913	-2.46222	3.86152	0.0333333	0.883295	7.45568	3111412
20.8	-0.522176	-1.38217	-2.32922	4.12424	0.0333333	0.955191	8.50468	3114241
20.8333	-0.56991	-1.49235	-2.1868	4.42937	0.0333333	1.11355	9.80966	3116979
20.8667	-0.622448	-1.6732	-2.03317	4.80322	0.0333333	1.3998	11.5354	3124521
20.9	-0.682481	-1.94664	-1.86539	5.28543	0.0333333	1.89471	13.9679	3128370
20.9333	-0.753611	-2.34501	-1.67896	5.93442	0.0333333	2.74953	17.6087	3133699
20.9667	-0.840503	-2.89163	-1.46723	6.80766	0.0333333	4.18076	23.1721	3136318
21	-0.946725	-3.44797	-1.22387	7.7655	0.0333333	5.94426	30.1515	3143784
21.0333	-1.06347	-3.39095	-0.957331	8.03075	0.0333333	5.74927	32.2465	3146821
21.0667	-1.16292	-2.49227	-0.699799	7.33803	0.0333333	3.10571	26.9233	3149719
21.1	-1.22791	-1.41518	-0.468595	6.56881	0.0333333	1.00136	21.5747	3160387
21.1333	-1.25836	-0.42889	-0.259142	6.03581	0.0333333	0.0919735	18.2155	3165300
21.1667	-1.25747	0.470735	-0.0642651	5.67729	0.0333333	0.110796	16.1158	3168968
21.2	-1.22765	1.3091	0.120179	5.39447	0.0333333	0.85687	14.5501	3178392
21.2333	-1.17082	2.09044	0.295274	5.10386	0.0333333	2.18498	13.0247	3180975
21.2667	-1.08907	2.80109	0.459597	4.73832	0.0333333	3.92304	11.2258	3183784
21.3	-0.985103	3.4198	0.609772	4.24845	0.0333333	5.84753	9.02467	3191845
21.3333	-0.862297	3.92965	0.741133	3.60697	0.0333333	7.72107	6.50511	3197807
21.3667	-0.72437	4.32828	0.848512	2.81091	0.0333333	9.36699	3.95062	3201518
21.4	-0.574787	4.63384	0.926996	1.8773	0.0333333	10.7362	1.76213	3205590
21.4333	-0.416052	4.88559	0.972414	0.830777	0.0333333	11.9345	0.345095	3214150
21.4667	-0.249041	5.14155	0.981296	-0.314377	0.0333333	13.2178	0.0494164	3217050
21.5	-0.0724006	5.47745	0.950208	-1.57322	0.0333333	15.0012	1.23752	3226889
21.5333	0.118016	5.98299	0.874594	-2.99533	0.0333333	17.8981	4.48599	3232849
21.5667	0.328763	6.68027	0.748849	-4.54652	0.0333333	22.313	10.3354	3236352
21.6	0.560365	7.07397	0.577956	-5.47035	0.0333333	25.0205	14.9624	3244539
21.6333	0.787811	6.43021	0.404209	-4.72335	0.0333333	20.6738	11.155	3248560
21.6667	0.985996	5.48141	0.268828	-3.41423	0.0333333	15.0229	5.82849	3254801
21.7	1.15574	4.7417	0.173618	-2.3493	0.0333333	11.2419	2.75961	3265282
21.7333	1.30425	4.19408	0.109188	-1.55493	0.0333333	8.79513	1.2089	3267942
21.7667	1.43664	3.7637	0.0677845	-0.956961	0.0333333	7.08271	0.457887	3270485
21.8	1.55589	3.39967	0.0437794	-0.504714	0.0333333	5.77887	0.127368	3279772
21.8333	1.66367	3.07137	0.0328472	-0.168903	0.0333333	4.71665	0.0142641	3283092
21.8667	1.76084	2.76076	0.0314253	0.068295	0.0333333	3.8109	0.0023321	3289163
21.9	1.8478	2.45753	0.036445	0.219459	0.0333333	3.01973	0.0240811	3298737
21.9333	1.9247	2.15613	0.0452173	0.295136	0.0333333	2.32446	0.0435526	3301515
21.9667	1.99154	1.8539	0.0553924	0.305268	0.0333333	1.71848	0.0465941	3304159
22	2.04827	1.54976	0.0649492	0.259657	0.0333333	1.20089	0.0337108	3312674
22.0333	2.09483	1.24336	0.0721913	0.167995	0.0333333	0.77297	0.0141112	3316209
22.0667	2.13113	0.934508	0.0757425	0.0397563	0.0333333	0.436653	0.000790281	3323513
22.1	2.1571	0.622952	0.0745374	-0.11588	0.0333333	0.194035	0.00671403	3328777
22.1333	2.17263	0.308273	0.0678118	-0.290009	0.0333333	0.0475162	0.0420527	3335081
22.1667	2.17761	-0.0100143	0.0550951	-0.473888	0.0333333	5.01429e-05	0.112285	3337904
22.2	2.17192	-0.332287	0.0362085	-0.658729	0.0333333	0.0552074	0.216962	3345691
22.2333	2.15541	-0.658578	0.0112697	-0.835471	0.0333333	0.216863	0.349006	3348833
22.2667	2.12797	-0.988332	-0.0192935	-0.99454	0.0333333	0.4884	0.494555	3354679
22.3	2.0895	-1.3202	-0.054723	-1.12568	0.0333333	0.871461	0.633582	3359813
22.3333	2.03996	-1.65192	-0.093907	-1.21792	0.0333333	1.36442	0.741665	3364929
22.3667	1.97941	-1.9804	-0.135357	-1.25969	0.0333333	1.961	0.793404	3367891
22.4	1.90801	-2.30199	-0.177194	-1.23922	0.0333333	2.64959	0.76783	3370497
22.4333	1.82606	-2.61316	-0.217154	-1.1452	0.0333333	3.4143	0.655745	3377838
22.4667	1.73394	-2.91151	-0.252612	-0.96758	0.0333333	4.23844	0.468105	3381220
22.5	1.6321	-3.19724	-0.280639	-0.698206	0.0333333	5.11117	0.243746	3384033
22.5333	1.52089	-3.47492	-0.29807	-0.330859	0.0333333	6.03755	0.054734	3393759
22.5667	1.40041	-3.75557	-0.301545	0.140239	0.0333333	7.05215	0.00983347	3398578
22.6	1.27026	-4.05929	-0.287468	0.7244	0.0333333	8.2389	0.262378	3402401
22.6333	1.12917	-4.4196	-0.251774	1.44235	0.0333333	9.76642	1.04018	3405463
22.6667	0.974394	-4.89178	-0.18933	2.34018	0.0333333	11.9648	2.73823	3413188
22.7	0.800814	-5.5666	-0.0927697	3.50903	0.0333333	15.4935	6.15665	3416782
22.7333	0.599778	-6.54995	0.0488707	5.0507	0.0333333	21.4509	12.7548	3426568
22.7667	0.363411	-7.53728	0.243508	6.46389	0.0333333	28.4053	20.8909	3432043
22.8	0.112634	-7.25786	0.455736	5.87565	0.0333333	26.3383	17.2616	3434663
22.8333	-0.11313	-6.30036	0.622457	4.11348	0.0333333	19.8473	8.46038	3437149
22.8667	-0.310626	-5.60279	0.732788	2.56058	0.0333333	15.6956	3.27828	3445773
22.9	-0.489566	-5.16676	0.796188	1.27872	0.0333333	13.3477	0.817561	3449161
22.9333	-0.656678	-4.87599	0.819876	0.164678	0.0333333	11.8877	0.0135594	3451761
22.9667	-0.815279	-4.64419	0.808458	-0.831744	0.0333333	10.7843	0.345899	3461561
23	-0.966258	-4.41007	0.765651	-1.71729	0.0333333	9.72437	1.47454	3467373
23.0333	-1.10877	-4.13066	0.695367	-2.47718	0.0333333	8.53116	3.0682	3470786
23.0667	-1.24084	-3.78023	0.602113	-3.09277	0.0333333	7.14506	4.78262	3478991
23.1	-1.3599	-3.35023	0.490904	-3.5539	0.0333333	5.61202	6.31511	3481899
23.1333	-1.46337	-2.84719	0.36686	-3.86491	0.0333333	4.05325	7.46876	3484374
23.1667	-1.54909	-2.28811	0.234703	-4.04493	0.0333333	2.61773	8.18072	3494377
23.2	-1.61553	-1.6944	0.0983196	-4.12418	0.0333333	1.43549	8.50443	3499920
23.2333	-1.66189	-1.08593	-0.039524	-4.1388	0.0333333	0.589617	8.56485	3502869
23.2667	-1.68792	-0.476562	-0.177301	-4.12641	0.0333333	0.113556	8.51362	3510450
23.3	-1.69371	0.128587	-0.314728	-4.12387	0.0333333	0.00826727	8.50316	3514311
23.3333	-1.67934	0.734567	-0.452742	-4.16794	0.0333333	0.269795	8.68587	3517190
23.3667	-1.64455	1.35756	-0.593547	-4.29835	0.0333333	0.921483	9.23791	3525285
23.4	-1.58834	2.02513	-0.740771	-4.5614	0.0333333	2.05057	10.4032	3532277
23.4333	-1.5087	2.76765	-0.899627	-5.00145	0.0333333	3.82996	12.5073	3534758
23.4667	-1.40321	3.55805	-1.07586	-5.57941	0.0333333	6.32988	15.5649	3537521
23.5	-1.27376	4.13563	-1.26914	-5.92407	0.0333333	8.55171	17.5473	3543973
23.5333	-1.13392	4.16595	-1.46227	-5.54192	0.0333333	8.67756	15.3564	3547616
23.5667	-0.999424	3.88967	-1.63376	-4.72301	0.0333333	7.56475	11.1534	3550422
23.6	-0.874167	3.64297	-1.77719	-3.89543	0.0333333	6.63561	7.58719	3559189
23.6333	-0.755261	3.51069	-1.89439	-3.14883	0.0333333	6.16247	4.95755	3561942
23.6667	-0.638932	3.48521	-1.98765	-2.45091	0.0333333	6.07333	3.00347	3566975
23.7	-0.521947	3.54689	-2.05783	-1.75724	0.0333333	6.29023	1.54394	3569621
23.7333	-0.401705	3.67766	-2.10445	-1.03244	0.0333333	6.7626	0.532963	3573161
23.7667	-0.276205	3.85904	-2.12605	-0.253659	0.0333333	7.44608	0.0321715	3579875
23.8	-0.144126	4.068	-2.12067	0.586832	0.0333333	8.27431	0.172186	3582821
23.8333	-0.0050363	4.27387	-2.08635	1.47869	0.0333333	9.13298	1.09326	3585348
23.8667	0.140337	4.43802	-2.02184	2.39259	0.0333333	9.84803	2.86224	3596033
23.9	0.28989	4.51749	-1.9271	3.28399	0.0333333	10.2039	5.39229	3600838
23.9333	0.440105	4.4715	-1.80373	4.10158	0.0333333	9.99714	8.4115	3603255
23.9667	0.586242	4.26874	-1.65501	4.79777	0.0333333	9.11105	11.5093	3607048
24	0.722764	3.89353	-1.48561	5.33842	0.0333333	7.57979	14.2494	3613027
24.0333	0.843932	3.34986	-1.30099	5.71119	0.0333333	5.61077	16.3089	3615675
24.0667	0.944476	2.66155	-1.10657	5.9311	0.0333333	3.54193	17.589	3618226
24.1	1.02018	1.86617	-0.906817	6.04084	0.0333333	1.7413	18.2459	3628208
24.1333	1.06813	1.00228	-0.704365	6.10486	0.0333333	0.502279	18.6347	3632772
24.1667	1.08651	0.0939757	-0.499465	6.20179	0.0333333	0.00441572	19.2311	3635355
24.2	1.07387	-0.863399	-0.289527	6.42429	0.0333333	0.372729	20.6358	3638112
24.2333	1.0279	-1.91768	-0.0684472	6.89474	0.0333333	1.83876	23.7688	3646679
24.2667	0.94382	-3.17059	0.174848	7.79138	0.0333333	5.02633	30.3528	3649541
24.3	0.813806	-4.63646	0.456927	9.18113	0.0333333	10.7484	42.1466	3654633
24.3333	0.643484	-5.27291	0.777915	9.70089	0.0333333	13.9018	47.0537	3660174
24.3667	0.481483	-4.3241	1.08017	8.29945	0.0333333	9.34892	34.4405	3665602
24.4	0.355195	-3.30431	1.33278	6.94192	0.0333333	5.45925	24.0951	3668908
24.4333	0.257781	-2.58352	1.5483	6.05452	0.0333333	3.3373	18.3286	3671434
24.4667	0.180702	-2.06735	1.73982	5.47613	0.0333333	2.13697	14.994	3678323
24.5	0.11858	-1.67631	1.91545	5.08599	0.0333333	1.40501	12.9336	3681134
24.5333	0.0680638	-1.3655	2.08023	4.81749	0.0333333	0.932295	11.6041	3683743
24.5667	0.0269373	-1.10987	2.23754	4.63328	0.0333333	0.615911	10.7337	3691576
24.6	-0.00638358	-0.895492	2.3898	4.51094	0.0333333	0.400953	10.1743	3698476
24.6333	-0.0331412	-0.71539	2.53879	4.43536	0.0333333	0.255891	9.8362	3703140
24.6667	-0.054436	-0.567813	2.68587	4.39436	0.0333333	0.161206	9.65519	3713087
24.7	-0.0713822	-0.455132	2.83201	4.37645	0.0333333	0.103572	9.57667	3716015
24.7333	-0.085218	-0.382016	2.97777	4.37103	0.0333333	0.072968	9.55294	3721339
24.7667	-0.0973341	-0.352346	3.12346	4.37101	0.0333333	0.0620737	9.55286	3727929
24.8	-0.109196	-0.366478	-3.01396	4.37568	0.0333333	0.0671529	9.57329	3736369
24.8333	-0.122218	-0.421243	-2.8679	4.39048	0.0333333	0.0887229	9.63817	3740365
24.8667	-0.137683	-0.512488	-2.72105	4.42405	0.0333333	0.131322	9.78611	3745612
24.9	-0.15676	-0.637725	-2.57265	4.48562	0.0333333	0.203347	10.0604	3748644
24.9333	-0.180581	-0.797537	-2.4216	4.5847	0.0333333	0.318033	10.5097	3751198
24.9667	-0.21036	-0.996237	-2.26646	4.7326	0.0333333	0.496244	11.1988	3760032
25	-0.247527	-1.24285	-2.10537	4.94538	0.0333333	0.772334	12.2284	3765089
25.0333	-0.293923	-1.55342	-1.93577	5.24844	0.0333333	1.20655	13.7731	3768757
25.0667	-0.352102	-1.95591	-1.754	5.68489	0.0333333	1.9128	16.159	3773259
25.1	-0.425868	-2.49912	-1.55448	6.33039	0.0333333	3.12279	20.0369	3780151
25.1333	-0.521117	-3.25863	-1.32829	7.30831	0.0333333	5.30934	26.7057	3784073
25.1667	-0.645737	-4.23249	-1.06273	8.66529	0.0333333	8.95698	37.5437	3793766
25.2	-0.797563	-4.645	-0.756365	9.44006	0.0333333	10.788	44.5574	3798588
25.2333	-0.937634	-3.59499	-0.454644	8.48452	0.0333333	6.46198	35.9936	3801066
25.2667	-1.03455	-2.24571	-0.191701	7.36112	0.0333333	2.5216	27.093	3803742
25.3	-1.08966	-1.09213	0.041142	6.67498	0.0333333	0.596369	22.2777	3812803
25.3333	-1.10891	-0.0792436	0.256683	6.29476	0.0333333	0.00313977	19.812	3815624
25.3667	-1.09579	0.85618	0.462536	6.07281	0.0333333	0.366522	18.4395	3818358
25.4	-1.05247	1.73312	0.662074	5.89985	0.0333333	1.50186	17.4041	3828881
25.4333	-0.981046	2.53774	0.855432	5.68896	0.0333333	3.22006	16.1821	3833696
25.4667	-0.884442	3.23814	1.04014	5.37101	0.0333333	5.24277	14.4239	3836346
25.5	-0.766713	3.8001	1.21179	4.89985	0.0333333	7.22039	12.0043	3843676
25.5333	-0.632895	4.20139	1.3649	4.25894	0.0333333	8.82586	9.0693	3847435
25.5667	-0.488428	4.44079	1.49398	3.46261	0.0333333	9.86033	5.99483	3850196
25.6	-0.338409	4.53974	1.59444	2.54966	0.0333333	10.3046	3.25039	3856868
25.6333	-0.186906	4.53749	1.66322	1.57075	0.0333333	10.2944	1.23362	3861420
25.6667	-0.0364944	4.48269	1.69895	0.572961	0.0333333	10.0472	0.164142	3867190
25.7	0.111911	4.42524	1.70156	-0.413721	0.0333333	9.79135	0.0855824	3869876
25.7333	0.259016	4.4122	1.67155	-1.38509	0.0333333	9.73378	0.959239	3873621
25.7667	0.40706	4.48947	1.60911	-2.36671	0.0333333	10.0777	2.80067	3882361
25.8	0.559869	4.7068	1.51305	-3.41431	0.0333333	11.077	5.82875	3885239
25.8333	0.722917	5.10748	1.38002	-4.59047	0.0333333	13.0432	10.5362	3892727
25.8667	0.901543	5.59395	1.20665	-5.77162	0.0333333	15.6462	16.6558	3896494
25.9	1.09019	5.57292	1.00413	-6.15658	0.0333333	15.5287	18.9517	3902368
25.9333	1.26378	4.76774	0.809602	-5.41008	0.0333333	11.3657	14.6345	3906199
25.9667	1.4072	3.86028	0.64445	-4.5356	0.0333333	7.45089	10.2859	3912746
26	1.52303	3.11615	0.504075	-3.93341	0.0333333	4.85519	7.73584	3915464
26.0333	1.61639	2.50151	0.379528	-3.57359	0.0333333	3.12878	6.38526	3917988
26.0667	1.69059	1.9586	0.263911	-3.38783	0.0333333	1.91806	5.7387	3926807
26.1	1.7473	1.44674	0.152275	-3.3283	0.0333333	1.04653	5.5388	3932107
26.1333	1.78709	0.939523	0.0409787	-3.36307	0.0333333	0.441352	5.65513	3934767
26.1667	1.8098	0.420435	-0.0727086	-3.46803	0.0333333	0.088383	6.01361	3937436
26.2	1.81488	-0.119199	-0.19076	-3.62121	0.0333333	0.0071042	6.55657	3944236
26.2333	1.80161	-0.680619	-0.314399	-3.7992	0.0333333	0.231621	7.21697	3947297
26.2667	1.76933	-1.25751	-0.44402	-3.97534	0.0333333	0.790668	7.90165	3950392
26.3	1.71775	-1.83642	-0.57907	-4.11976	0.0333333	1.68621	8.48622	3958837
26.3333	1.64709	-2.39837	-0.717974	-4.20152	0.0333333	2.87609	8.82638	3964807
26.3667	1.55829	-2.92177	-0.858152	-4.19174	0.0333333	4.26837	8.78532	3969205
26.4	1.45297	-3.38557	-0.99614	-4.06666	0.0333333	5.73103	8.26885	3976585
26.4333	1.33345	-3.77175	-1.12779	-3.80935	0.0333333	7.11305	7.25556	3980308
26.4667	1.20254	-4.06697	-1.24852	-3.41041	0.0333333	8.27013	5.81546	3983203
26.5	1.06341	-4.26428	-1.35357	-2.86923	0.0333333	9.09204	4.11625	3989253
26.5333	0.919318	-4.36588	-1.43833	-2.19644	0.0333333	9.53046	2.41218	3994208
26.5667	0.773256	-4.38628	-1.49879	-1.41586	0.0333333	9.61973	1.00233	4001158
26.6	0.627497	-4.35326	-1.53191	-0.561887	0.0333333	9.47542	0.157858	4004827
26.6333	0.483211	-4.30487	-1.53584	0.329939	0.0333333	9.26597	0.0544299	4012862
26.6667	0.340199	-4.28413	-1.50976	1.23652	0.0333333	9.17688	0.764487	4017443
26.7	0.196797	-4.33599	-1.45323	2.15991	0.0333333	9.4004	2.33259	4028719
26.7333	0.0497661	-4.5115	-1.36517	3.13821	0.0333333	10.1768	4.92417	4033982
26.7667	-0.106119	-4.88191	-1.24244	4.26035	0.0333333	11.9165	9.07531	4037281
26.8	-0.279059	-5.5553	-1.07784	5.68112	0.0333333	15.4307	16.1376	4046540
26.8333	-0.480353	-6.54675	-0.859517	7.43566	0.0333333	21.43	27.6445	4049292
26.8667	-0.708094	-6.82906	-0.593355	8.12245	0.0333333	23.3181	32.9871	4054512
26.9	-0.917745	-5.64489	-0.343212	6.74043	0.0333333	15.9324	22.7167	4060823
26.9333	-1.08532	-4.46848	-0.142471	5.39248	0.0333333	9.98367	14.5394	4065996
26.9667	-1.21929	-3.6129	0.0219058	4.54008	0.0333333	6.52653	10.3061	4069248
27	-1.32831	-2.95088	0.16393	4.02579	0.0333333	4.35384	8.10351	4077528
27.0333	-1.41707	-2.3854	0.292724	3.73219	0.0333333	2.84506	6.96461	4080883
27.0667	-1.48777	-1.86015	0.414474	3.5953	0.0333333	1.73007	6.46311	4084301
27.1	-1.54116	-1.34222	0.533735	3.57788	0.0333333	0.900779	6.4006	4093586
27.1333	-1.57713	-0.81355	0.654028	3.6531	0.0333333	0.330932	6.67258	4098728
27.1667	-1.5952	-0.267878	0.778024	3.79562	0.0333333	0.0358793	7.20338	4101370
27.2	-1.59485	0.290214	0.907504	3.97711	0.0333333	0.0421121	7.90868	4104081
27.2333	-1.57587	0.847045	1.04325	4.16624	0.0333333	0.358743	8.67877	4110967
27.2667	-1.5386	1.38405	1.185	4.33311	0.0333333	0.957796	9.38793	4113524
27.3	-1.48401	1.88404	1.33163	4.45603	0.0333333	1.77481	9.92808	4116190
27.3333	-1.41353	2.33675	1.48148	4.5266	0.0333333	2.73021	10.2451	4118556
27.3667	-1.32877	2.74062	1.63287	4.54986	0.0333333	3.7555	10.3506	4127959
27.4	-1.23131	3.10051	1.78443	4.53942	0.0333333	4.80658	10.3032	4130452
27.4333	-1.12248	3.4235	1.93531	4.51122	0.0333333	5.86018	10.1755	4133190
27.4667	-1.00342	3.71528	2.08513	4.47844	0.0333333	6.90166	10.0282	4140036
27.5	-0.875115	3.97817	2.23391	4.44906	0.0333333	7.91292	9.89707	4143238
27.5333	-0.738544	4.21074	2.3818	4.4253	0.0333333	8.86517	9.79166	4148094
27.5667	-0.594785	4.40844	2.52896	4.40447	0.0333333	9.71719	9.69966	4150810
27.6	-0.445107	4.56478	2.6754	4.3804	0.0333333	10.4186	9.59393	4153486
27.6333	-0.291005	4.67271	2.82087	4.34535	0.0333333	10.9171	9.44104	4160745
27.6667	-0.1342	4.72606	2.96488	4.29194	0.0333333	11.1678	9.21036	4163524
27.7	0.023413	4.72077	3.10673	4.21488	0.0333333	11.1428	8.88259	4166232
27.7333	0.179853	4.65576	-3.0376	4.1123	0.0333333	10.838	8.45549	4173284
27.7667	0.333157	4.53328	-2.90256	3.9863	0.0333333	10.2753	7.9453	4177740
27.8	0.481492	4.35872	-2.77204	3.84273	0.0333333	9.49921	7.38328	4182791
27.8333	0.623246	4.13991	-2.64648	3.69018	0.0333333	8.56941	6.80871	4185248
27.8667	0.757097	3.88611	-2.52602	3.5386	0.0333333	7.55092	6.26084	4187818
27.9	0.882038	3.60691	-2.41045	3.39772	0.0333333	6.50492	5.77224	4194773
27.9333	0.997375	3.31121	-2.29929	3.27572	0.0333333	5.48205	5.36517	4197238
27.9667	1.10268	3.00638	-2.1918	3.17827	0.0333333	4.51916	5.05071	4200016
28	1.19776	2.69781	-2.0871	3.108	0.0333333	3.63908	4.82983	4206755
28.0333	1.28253	2.38853	-1.9843	3.06429	0.0333333	2.85253	4.69495	4210355
28.0667	1.35699	2.07912	-1.88256	3.04336	0.0333333	2.16137	4.63101	4215021
28.1	1.42112	1.76771	-1.78123	3.0384	0.0333333	1.5624	4.61593	4217628
28.1333	1.47477	1.45016	-1.67993	3.04006	0.0333333	1.05148	4.62097	4219988
28.1667	1.51766	1.12073	-1.57861	3.03739	0.0333333	0.62802	4.61287	4227154
28.2	1.54929	0.773433	-1.4776	3.01976	0.0333333	0.299099	4.55947	4229992
28.2333	1.56898	0.404075	-1.37754	2.97982	0.0333333	0.0816383	4.43966	4232717
28.2667	1.57598	0.0125602	-1.27921	2.91706	0.0333333	7.8879e-05	4.25462	4238323
28.3	1.56963	-0.395926	-1.18323	2.84017	0.0333333	0.0783785	4.0333	4243464
28.3333	1.5495	-0.812029	-1.08983	2.76651	0.0333333	0.329696	3.82678	4248823
28.3667	1.51552	-1.22563	-0.998516	2.71842	0.0333333	0.751089	3.6949	4251555
28.4	1.4679	-1.63001	-0.908063	2.71856	0.0333333	1.32847	3.6953	4254177
28.4333	1.40696	-2.02498	-0.816519	2.78695	0.0333333	2.05027	3.88354	4262036
28.4667	1.33292	-2.41857	-0.721312	2.94132	0.0333333	2.92473	4.32569	4264902
28.5	1.24555	-2.82829	-0.619261	3.2013	0.0333333	3.99962	5.12415	4267609
28.5333	1.14386	-3.28411	-0.506399	3.59644	0.0333333	5.3927	6.46718	4275651
28.5667	1.02555	-3.83645	-0.377412	4.18106	0.0333333	7.35918	8.74061	4278157
28.6	0.886054	-4.57489	-0.224401	5.06243	0.0333333	10.4648	12.8141	4283378
28.6333	0.716792	-5.65272	-0.0344619	6.43568	0.0333333	15.9766	20.709	4285938
28.6667	0.504829	-7.07026	0.210732	8.28106	0.0333333	24.9943	34.288	4289187
28.7	0.258764	-7.30114	0.498682	8.43954	0.0333333	26.6533	35.6129	4295906
28.7333	0.035108	-6.08566	0.748823	6.50926	0.0333333	18.5176	21.1852	4299010
28.7667	-0.15078	-5.14489	0.936955	4.87035	0.0333333	13.2349	11.8602	4305175
28.8	-0.312196	-4.59041	1.07844	3.67248	0.0333333	10.5359	6.74355	4310335
28.8333	-0.459415	-4.27284	1.18435	2.70914	0.0333333	9.12856	3.66972	4317989
28.8667	-0.598629	-4.09837	1.2603	1.86093	0.0333333	8.39832	1.73152	4320757
28.9	-0.733579	-4.00891	1.30908	1.07351	0.0333333	8.03567	0.576212	4326385
28.9333	-0.86635	-3.96109	1.33237	0.331737	0.0333333	7.84512	0.0550248	4329481
28.9667	-0.997704	-3.91821	1.3318	-0.355508	0.0333333	7.67619	0.0631929	4333355
29	-1.12728	-3.84996	1.3095	-0.968	0.0333333	7.4111	0.468512	4339519
29.0333	-1.25385	-3.73537	1.26831	-1.48608	0.0333333	6.97651	1.10421	4344914
29.0667	-1.37568	-3.56468	1.2116	-1.89883	0.0333333	6.35347	1.80277	4350944
29.1	-1.49087	-3.33801	1.1429	-2.20619	0.0333333	5.57115	2.43364	4354044
29.1333	-1.59766	-3.0618	1.06561	-2.41619	0.0333333	4.68731	2.91898	4361688
29.1667	-1.69454	-2.74498	0.982773	-2.54049	0.0333333	3.76746	3.22705	4365039
29.2	-1.78031	-2.39639	0.897057	-2.5911	0.0333333	2.87134	3.3569	4370343
29.2333	-1.85403	-2.02371	0.810731	-2.57884	0.0333333	2.04771	3.32521	4377982
29.2667	-1.91502	-1.63351	0.725724	-2.51351	0.0333333	1.33418	3.15886	4383627
29.3	-1.9628	-1.23169	0.643647	-2.40471	0.0333333	0.758529	2.89132	4387458
29.3333	-1.99707	-0.823898	0.565779	-2.26274	0.0333333	0.339404	2.56	4395237
29.3667	-2.01772	-0.415654	0.493039	-2.09907	0.0333333	0.0863843	2.20304	4398132
29.4	-2.02483	-0.0121052	0.425943	-1.92623	0.0333333	7.32684e-05	1.85518	4400931
29.4333	-2.01863	0.382394	0.364579	-1.75739	0.0333333	0.0731124	1.5442	4410158
29.4667	-1.99948	0.764726	0.308594	-1.60569	0.0333333	0.292403	1.28912	4412867
29.5	-1.9678	1.13336	0.257202	-1.48375	0.0333333	0.642257	1.10076	4419227
29.5333	-1.92407	1.48861	0.209215	-1.40337	0.0333333	1.10799	0.98473	4422903
29.5667	-1.86869	1.83284	0.16306	-1.37558	0.0333333	1.67965	0.946116	4429584
29.6	-1.80195	2.17078	0.116806	-1.41108	0.0333333	2.35615	0.995568	4432433
29.6333	-1.72395	2.51026	0.0681596	-1.52119	0.0333333	3.15069	1.15701	4434971
29.6667	-1.63445	2.86336	0.0144125	-1.71978	0.0333333	4.09942	1.47882	4444448
29.7	-1.5327	3.2489	-0.0476906	-2.02661	0.0333333	5.27766	2.05357	4451054
29.7333	-1.41717	3.69689	-0.122245	-2.47369	0.0333333	6.83349	3.05956	4453640
29.7667	-1.28501	4.25681	-0.21476	-3.11617	0.0333333	9.06021	4.85525	4462372
29.8	-1.13128	5.00676	-0.333145	-4.04311	0.0333333	12.5338	8.17336	4465611
29.8333	-0.948343	6.00548	-0.488191	-5.30382	0.0333333	18.0329	14.0653	4468128
29.8667	-0.732096	6.85064	-0.684259	-6.27455	0.0333333	23.4656	19.685	4476203
29.9	-0.505072	6.58748	-0.885923	-5.53821	0.0333333	21.6974	15.3359	4478863
29.9333	-0.297787	5.8625	-1.04466	-3.97589	0.0333333	17.1845	7.90385	4484312
29.9667	-0.111659	5.34829	-1.15286	-2.55239	0.0333333	14.3021	3.25734	4487155
30	0.0612001	5.05189	-1.21683	-1.30853	0.0333333	12.7608	0.856124	4495626
