0	0.984808	-0.173648	1.85081	0.326397
0.0333333	0.983922	-0.178597	1.85036	0.320693
0.0666667	0.98113	-0.193352	1.84894	0.303543
0.1	0.97603	-0.217638	1.84636	0.274837
0.133333	0.967992	-0.250981	1.84229	0.234405
0.166667	0.956207	-0.292691	1.83634	0.182037
0.2	0.939758	-0.341841	1.82802	0.117504
0.233333	0.91771	-0.397251	1.81677	0.0405759
0.266667	0.889222	-0.457476	1.80197	-0.0489626
0.3	0.853671	-0.520812	1.7829	-0.151298
0.333333	0.810798	-0.585326	1.75863	-0.266568
0.366667	0.76086	-0.648916	1.72804	-0.394836
0.4	0.70478	-0.709426	1.68963	-0.536015
0.433333	0.64426	-0.764806	1.64144	-0.689759
0.466667	0.581829	-0.813311	1.58095	-0.855249
0.5	0.52078	-0.853691	1.50496	-1.03088
0.533333	0.464988	-0.885317	1.40952	-1.21373
0.566667	0.418536	-0.9082	1.28991	-1.39882
0.6	0.384987	-0.922922	1.14078	-1.57773
0.633333	0.365664	-0.930747	0.957265	-1.73698
0.666667	0.356266	-0.934385	0.738718	-1.85836
0.7	0.344925	-0.93863	0.494116	-1.92744
0.733333	0.318461	-0.947936	0.239559	-1.94482
0.766667	0.269842	-0.962905	-0.01157	-1.92249
0.8	0.197686	-0.980265	-0.25208	-1.87341
0.833333	0.103505	-0.994629	-0.478922	-1.80751
0.866667	-0.00953487	-0.999955	-0.69108	-1.73173
0.9	-0.137056	-0.990563	-0.88827	-1.65062
0.933333	-0.273807	-0.961785	-1.07004	-1.56678
0.966667	-0.413943	-0.910303	-1.23507	-1.48105
1	-0.551064	-0.834463	-1.38073	-1.39272
1.03333	-0.677985	-0.735076	-1.50334	-1.29969
1.06667	-0.787051	-0.616888	-1.59975	-1.19957
1.1	-0.872313	-0.488949	-1.67021	-1.09175
1.13333	-0.93238	-0.361481	-1.71921	-0.978651
1.16667	-0.970285	-0.241967	-1.7529	-0.864476
1.2	-0.990941	-0.134302	-1.77645	-0.753148
1.23333	-0.999201	-0.0399615	-1.79346	-0.647547
1.26667	-0.999165	0.0408525	-1.80624	-0.549601
1.3	-0.994091	0.108554	-1.81634	-0.460577
1.33333	-0.986489	0.16383	-1.82483	-0.38132
1.36667	-0.978245	0.207454	-1.83249	-0.312412
1.4	-0.97073	0.240175	-1.83995	-0.254258
1.43333	-0.964892	0.262646	-1.84767	-0.207146
1.46667	-0.961337	0.275375	-1.85605	-0.171269
1.5	-0.96038	0.278693	-1.86537	-0.146749
1.53333	-0.962089	0.272737	-1.87579	-0.133639
1.56667	-0.966295	0.257438	-1.88738	-0.131932
1.6	-0.972592	0.23252	-1.89999	-0.141552
1.63333	-0.980301	0.19751	-1.91331	-0.162346
1.66667	-0.988417	0.15176	-1.92672	-0.194065
1.7	-0.995523	0.0945187	-1.9392	-0.236338
1.73333	-0.999686	0.0250585	-1.94921	-0.288636
1.76667	-0.998372	-0.0570396	-1.95442	-0.35025
1.8	-0.988474	-0.151391	-1.95163	-0.420319
1.83333	-0.966644	-0.256123	-1.93696	-0.497978
1.86667	-0.930057	-0.367416	-1.90662	-0.582639
1.9	-0.877294	-0.479954	-1.85824	-0.674209
1.93333	-0.80867	-0.588263	-1.79146	-0.773001
1.96667	-0.725863	-0.68784	-1.70734	-0.8794
2	-0.631442	-0.775423	-1.60736	-0.993567
2.03333	-0.528684	-0.848819	-1.49253	-1.11528
2.06667	-0.421582	-0.90679	-1.36308	-1.2438
2.1	-0.314834	-0.949147	-1.21836	-1.37768
2.13333	-0.213661	-0.976908	-1.05692	-1.51441
2.16667	-0.123431	-0.992353	-0.8768	-1.64995
2.2	-0.0491582	-0.998791	-0.675955	-1.77797
2.23333	0.00519626	-0.999986	-0.453026	-1.88882
2.26667	0.0381194	-0.999273	-0.208952	-1.96827
2.3	0.0537583	-0.998554	0.0497377	-1.99855
2.33333	0.0648692	-0.997894	0.308522	-1.96776
2.36667	0.0869031	-0.996217	0.55128	-1.88185
2.4	0.127972	-0.991778	0.769606	-1.75879
2.43333	0.188468	-0.982079	0.962401	-1.61535
2.46667	0.265061	-0.964232	1.13169	-1.46318
2.5	0.353005	-0.935621	1.28036	-1.3098
2.53333	0.447137	-0.894465	1.41124	-1.16001
2.56667	0.542448	-0.840089	1.52671	-1.01678
2.6	0.634503	-0.77292	1.62854	-0.881945
2.63333	0.719686	-0.6943	1.71774	-0.756582
2.66667	0.795278	-0.606246	1.79466	-0.64132
2.7	0.859416	-0.511277	1.8591	-0.536492
2.73333	0.911024	-0.412354	1.91058	-0.442211
2.76667	0.949798	-0.312862	1.94876	-0.358409
2.8	0.976291	-0.216464	1.97395	-0.284898
2.83333	0.991945	-0.126669	1.98744	-0.221478
2.86667	0.99893	-0.0462472	1.99148	-0.168058
2.9	0.999732	0.0231444	1.98874	-0.124707
2.93333	0.996723	0.0808883	1.98173	-0.0916169
2.96667	0.991895	0.127063	1.97248	-0.0690307
3	0.986778	0.162078	1.96244	-0.0571817
3.03333	0.982471	0.186414	1.95258	-0.0562628
3.06667	0.9797	0.20047	1.94343	-0.0664135
3.1	0.978869	0.204488	1.93522	-0.0877157
3.13333	0.980096	0.198522	1.92795	-0.12019
3.16667	0.983219	0.182427	1.92137	-0.163787
3.2	0.987777	0.155875	1.9151	-0.218382
3.23333	0.992968	0.118383	1.90855	-0.283749
3.26667	0.997592	0.0693602	1.90094	-0.359537
3.3	0.999966	0.00818997	1.89127	-0.445224
3.33333	0.997844	-0.0656359	1.87815	-0.540042
3.36667	0.988335	-0.152294	1.85973	-0.642882
3.4	0.967921	-0.251254	1.83342	-0.752168
3.43333	0.93269	-0.36068	1.79575	-0.865772
3.46667	0.87906	-0.476711	1.74251	-0.981153
3.5	0.805081	-0.593165	1.66952	-1.0959
3.53333	0.711631	-0.702554	1.57419	-1.20852
3.56667	0.602386	-0.798205	1.45623	-1.31873
3.6	0.482632	-0.875823	1.3171	-1.42688
3.63333	0.35817	-0.933656	1.1586	-1.53308
3.66667	0.234819	-0.972039	0.982051	-1.6366
3.7	0.118192	-0.992991	0.788101	-1.73543
3.73333	0.0134144	-0.99991	0.577001	-1.82597
3.76667	-0.0753066	-0.99716	0.349207	-1.90258
3.8	-0.145263	-0.989393	0.106323	-1.95723
3.83333	-0.196219	-0.98056	-0.147433	-1.97937
3.86667	-0.232045	-0.972705	-0.403444	-1.95791
3.9	-0.261617	-0.965172	-0.648852	-1.88715
3.93333	-0.295452	-0.955358	-0.871639	-1.77268
3.96667	-0.34003	-0.940415	-1.06607	-1.62807
4	-0.396419	-0.91807	-1.23224	-1.46707
4.03333	-0.462338	-0.886704	-1.37297	-1.29993
4.06667	-0.534113	-0.845413	-1.49171	-1.13351
4.1	-0.607769	-0.794114	-1.59178	-0.972239
4.13333	-0.679632	-0.733554	-1.67598	-0.818909
4.16667	-0.746666	-0.665199	-1.74662	-0.675254
4.2	-0.806639	-0.591044	-1.80545	-0.542335
4.23333	-0.858149	-0.513402	-1.85385	-0.420791
4.26667	-0.90057	-0.434711	-1.89289	-0.310991
4.3	-0.933954	-0.357392	-1.92349	-0.213119
4.33333	-0.958905	-0.283727	-1.94658	-0.127225
4.36667	-0.976447	-0.215757	-1.96315	-0.0532466
4.4	-0.987882	-0.155204	-1.97432	0.00895447
4.43333	-0.994639	-0.10341	-1.98127	0.0595671
4.46667	-0.998118	-0.0613288	-1.98521	0.0987942
4.5	-0.999563	-0.0295688	-1.98726	0.126823
4.53333	-0.999964	-0.00846959	-1.9883	0.143805
4.56667	-0.999998	0.00180702	-1.98898	0.149841
4.6	-0.999999	0.00120253	-1.98961	0.14498
4.63333	-0.999947	-0.0102806	-1.99017	0.129221
4.66667	-0.999469	-0.0325802	-1.9903	0.102513
4.7	-0.99785	-0.0655346	-1.98932	0.0647656
4.73333	-0.994063	-0.108807	-1.98626	0.0158563
4.76667	-0.986825	-0.16179	-1.97991	-0.0443539
4.8	-0.9747	-0.223516	-1.9689	-0.115999
4.83333	-0.956235	-0.292599	-1.95186	-0.199182
4.86667	-0.930127	-0.367238	-1.92744	-0.293939
4.9	-0.895393	-0.445276	-1.89438	-0.400208
4.93333	-0.851529	-0.524307	-1.85151	-0.517795
4.96667	-0.798642	-0.601806	-1.79765	-0.646321
5	-0.737557	-0.675285	-1.7315	-0.78516
5.03333	-0.669883	-0.742467	-1.6515	-0.933314
5.06667	-0.598014	-0.801486	-1.55572	-1.08923
5.1	-0.525026	-0.851086	-1.4418	-1.25048
5.13333	-0.454426	-0.890784	-1.307	-1.41338
5.16667	-0.389682	-0.92095	-1.14841	-1.57236
5.2	-0.333424	-0.942777	-0.96353	-1.71929
5.23333	-0.286139	-0.958188	-0.751623	-1.84324
5.26667	-0.244552	-0.969636	-0.515883	-1.93212
5.3	-0.201393	-0.97951	-0.264874	-1.97749
5.33333	-0.148406	-0.988927	-0.0101835	-1.97933
5.36667	-0.0801734	-0.996781	0.238231	-1.94474
5.4	0.00483834	-0.999988	0.474172	-1.88301
5.43333	0.105203	-0.994451	0.694502	-1.80237
5.46667	0.217551	-0.976049	0.897802	-1.70903
5.5	0.337274	-0.941407	1.08333	-1.60729
5.53333	0.459022	-0.888425	1.25033	-1.49984
5.56667	0.577106	-0.816669	1.39776	-1.3881
5.6	0.685865	-0.727729	1.52433	-1.27269
5.63333	0.780241	-0.625479	1.62916	-1.154
5.66667	0.856703	-0.51581	1.71264	-1.03289
5.7	0.914139	-0.405401	1.77688	-0.911043
5.73333	0.953911	-0.300091	1.82525	-0.790771
5.76667	0.978988	-0.203917	1.86136	-0.674475
5.8	0.992878	-0.119136	1.88837	-0.564209
5.83333	0.998909	-0.0467046	1.9088	-0.461547
5.86667	0.999913	0.0132057	1.92456	-0.367631
5.9	0.998147	0.0608434	1.93708	-0.283264
5.93333	0.99532	0.0966302	1.94747	-0.208999
5.96667	0.992652	0.121006	1.95657	-0.145201
6	0.990937	0.13433	1.96497	-0.0920951
6.03333	0.990595	0.136826	1.97303	-0.0497982
6.06667	0.991702	0.128555	1.98085	-0.018346
6.1	0.993994	0.10943	1.98824	0.00228057
6.13333	0.996853	0.0792676	1.9946	0.0121234
6.16667	0.999281	0.037909	1.99892	0.0112057
6.2	0.999894	-0.0145902	1.99979	-0.000519539
6.23333	0.996975	-0.0777234	1.99549	-0.0232185
6.26667	0.988633	-0.150347	1.98428	-0.0571927
6.3	0.973031	-0.230673	1.96483	-0.102832
6.33333	0.948605	-0.316462	1.93637	-0.160518
6.36667	0.914186	-0.405295	1.89879	-0.230525
6.4	0.869035	-0.494751	1.85238	-0.31298
6.43333	0.812871	-0.582444	1.79752	-0.407875
6.46667	0.745946	-0.666006	1.73449	-0.515094
6.5	0.66919	-0.743091	1.66327	-0.634439
6.53333	0.584378	-0.811481	1.58333	-0.765605
6.56667	0.49428	-0.869303	1.49353	-0.908076
6.6	0.402693	-0.915335	1.39204	-1.06092
6.63333	0.314311	-0.94932	1.27628	-1.22247
6.66667	0.234424	-0.972134	1.14303	-1.38979
6.7	0.168501	-0.985702	0.988549	-1.558
6.73333	0.1217	-0.992567	0.808865	-1.71907
6.76667	0.0979353	-0.995193	0.60045	-1.85976
6.8	0.0968185	-0.995302	0.36286	-1.95926
6.83333	0.10716	-0.994242	0.105196	-1.99424
6.86667	0.108155	-0.994134	-0.152795	-1.95949
6.9	0.0856875	-0.996322	-0.394936	-1.87325
6.93333	0.0372042	-0.999308	-0.615428	-1.75698
6.96667	-0.0345444	-0.999403	-0.814131	-1.6257
7	-0.12503	-0.992153	-0.992887	-1.48897
7.03333	-0.228912	-0.973447	-1.15412	-1.35291
7.06667	-0.340493	-0.940247	-1.30015	-1.22141
7.1	-0.454211	-0.890894	-1.43278	-1.09681
7.13333	-0.565064	-0.825047	-1.55292	-0.98043
7.16667	-0.668847	-0.7434	-1.66042	-0.872931
7.2	-0.762128	-0.647427	-1.75402	-0.77448
7.23333	-0.842044	-0.539409	-1.83142	-0.684809
7.26667	-0.906184	-0.422883	-1.88979	-0.603192
7.3	-0.952932	-0.303184	-1.9272	-0.528592
7.33333	-0.98237	-0.186947	-1.94431	-0.4602
7.36667	-0.996791	-0.080042	-1.94488	-0.398041
7.4	-0.9999	0.0141757	-1.93395	-0.342959
7.43333	-0.995501	0.0947515	-1.91596	-0.296095
7.46667	-0.986777	0.162083	-1.89404	-0.258475
7.5	-0.976156	0.217068	-1.87022	-0.230869
7.53333	-0.96543	0.260664	-1.8457	-0.213808
7.56667	-0.9559	0.293692	-1.82116	-0.207629
7.6	-0.948502	0.316771	-1.79694	-0.212524
7.63333	-0.943879	0.330292	-1.77314	-0.22857
7.66667	-0.942428	0.33441	-1.74971	-0.255756
7.7	-0.944311	0.329054	-1.7265	-0.293988
7.73333	-0.949443	0.31394	-1.70329	-0.343108
7.76667	-0.957452	0.288591	-1.67984	-0.4029
7.8	-0.967629	0.252375	-1.65588	-0.473096
7.83333	-0.978854	0.204561	-1.63117	-0.553382
7.86667	-0.989521	0.144391	-1.60547	-0.643394
7.9	-0.997463	0.0711806	-1.57851	-0.742688
7.93333	-0.999879	-0.015574	-1.54999	-0.850667
7.96667	-0.993242	-0.116062	-1.51943	-0.966433
8	-0.97319	-0.230003	-1.48602	-1.08849
8.03333	-0.934341	-0.35638	-1.44829	-1.2142
8.06667	-0.870141	-0.492804	-1.40332	-1.33881
8.1	-0.773448	-0.633859	-1.34547	-1.4541
8.13333	-0.640317	-0.768111	-1.26535	-1.54871
8.16667	-0.477572	-0.878593	-1.1539	-1.61519
8.2	-0.301596	-0.953436	-1.0111	-1.65814
8.23333	-0.126345	-0.991986	-0.844382	-1.68799
8.26667	0.0400485	-0.999198	-0.66091	-1.7124
8.3	0.192305	-0.981335	-0.464979	-1.73498
8.33333	0.326258	-0.945281	-0.258606	-1.75641
8.36667	0.438656	-0.898655	-0.0425908	-1.77524
8.4	0.527438	-0.849593	0.182484	-1.78821
8.43333	0.591779	-0.8061	0.41533	-1.79041
8.46667	0.631688	-0.775223	0.653	-1.775
8.5	0.647485	-0.762078	0.88937	-1.73238
8.53333	0.64055	-0.767916	1.11221	-1.6497
8.56667	0.617727	-0.786393	1.30128	-1.51629
8.6	0.593892	-0.804545	1.43926	-1.33874
8.63333	0.581252	-0.813724	1.52683	-1.13912
8.66667	0.582659	-0.812717	1.57501	-0.936132
8.7	0.596116	-0.802898	1.59414	-0.740046
8.73333	0.618481	-0.7858	1.59172	-0.555994
8.76667	0.646654	-0.762784	1.57316	-0.386505
8.8	0.67789	-0.735163	1.5425	-0.232724
8.83333	0.709895	-0.704308	1.50283	-0.0950001
8.86667	0.740858	-0.671662	1.45651	0.0267897
8.9	0.769446	-0.638712	1.40538	0.133032
8.93333	0.794764	-0.606919	1.3508	0.224241
8.96667	0.81628	-0.577657	1.29379	0.300968
9	0.833737	-0.552162	1.23511	0.363752
9.03333	0.847057	-0.531503	1.1753	0.413091
9.06667	0.856245	-0.51657	1.11475	0.44944
9.1	0.861308	-0.508084	1.05374	0.473226
9.13333	0.862178	-0.506606	0.992486	0.484868
9.16667	0.858653	-0.512557	0.931118	0.484813
9.2	0.850342	-0.52623	0.869724	0.473582
9.23333	0.836619	-0.547786	0.80833	0.451814
9.26667	0.81658	-0.577232	0.746897	0.420337
9.3	0.789018	-0.61437	0.685299	0.380237
9.33333	0.752412	-0.658693	0.62331	0.332938
9.36667	0.704966	-0.709241	0.560599	0.280283
9.4	0.64474	-0.764402	0.496747	0.224586
9.43333	0.569899	-0.821714	0.431316	0.168636
9.46667	0.479125	-0.877747	0.36398	0.115602
9.5	0.372132	-0.92818	0.294694	0.0688173
9.53333	0.250168	-0.968202	0.223876	0.0314519
9.56667	0.116296	-0.993215	0.152497	0.00612988
9.6	-0.0247405	-0.999694	0.0820429	-0.0054116
9.63333	-0.167082	-0.985943	0.0143199	-0.00253396
9.66667	-0.304639	-0.952468	-0.0488347	0.0142607
9.7	-0.432026	-0.901861	-0.105854	0.0434494
9.73333	-0.545275	-0.838257	-0.155674	0.0827267
9.76667	-0.642179	-0.766555	-0.197844	0.129306
9.8	-0.722233	-0.69165	-0.232504	0.180225
9.83333	-0.786286	-0.617862	-0.260263	0.232608
9.86667	-0.836062	-0.548634	-0.28202	0.283854
9.9	-0.873693	-0.486477	-0.298785	0.331741
9.93333	-0.901357	-0.433078	-0.311543	0.374461
9.96667	-0.921032	-0.389487	-0.321157	0.410607
10	-0.934369	-0.356307	-0.328329	0.439127
10.0333	-0.942625	-0.333853	-0.33358	0.459283
10.0667	-0.946647	-0.322271	-0.337258	0.4706
10.1	-0.94687	-0.321616	-0.339546	0.472838
10.1333	-0.943321	-0.331883	-0.34047	0.465971
10.1667	-0.935618	-0.353015	-0.339908	0.450185
10.2	-0.922971	-0.384869	-0.337586	0.425886
10.2333	-0.904183	-0.427146	-0.333078	0.393732
10.2667	-0.877659	-0.479286	-0.325815	0.354661
10.3	-0.841459	-0.54032	-0.315098	0.309941
10.3333	-0.79341	-0.608688	-0.300151	0.261195
10.3667	-0.731301	-0.682055	-0.280208	0.210422
10.4	-0.653207	-0.757179	-0.25464	0.15996
10.4333	-0.557905	-0.829905	-0.223125	0.112392
10.4667	-0.445332	-0.895366	-0.185816	0.0703732
10.5	-0.316973	-0.948435	-0.143464	0.0363976
10.5333	-0.176029	-0.984385	-0.0974495	0.0125229
10.5667	-0.027255	-0.999629	-0.0496961	0.000119654
10.6	0.123552	-0.992338	-0.00246269	-0.000309723
10.6333	0.270311	-0.962773	0.0419322	0.0107993
10.6667	0.40749	-0.91321	0.0814014	0.0321295
10.7	0.530777	-0.847512	0.114329	0.0616479
10.7333	0.63748	-0.770467	0.139715	0.0968448
10.7667	0.726574	-0.687088	0.157207	0.134995
10.8	0.798474	-0.602029	0.167034	0.173395
10.8333	0.854646	-0.519211	0.169872	0.209545
10.8667	0.89718	-0.441666	0.166689	0.241257
10.9	0.928409	-0.37156	0.158593	0.266706
10.9333	0.950633	-0.310318	0.146715	0.284423
10.9667	0.965932	-0.258796	0.132132	0.29327
11	0.976071	-0.21745	0.115805	0.292395
11.0333	0.982457	-0.186489	0.0985566	0.281186
11.0667	0.986128	-0.165989	0.0810399	0.259236
11.1	0.987761	-0.155976	0.0637165	0.226309
11.1333	0.987682	-0.156471	0.0468203	0.182318
11.1667	0.985872	-0.1675	0.0303121	0.127297
11.2	0.981968	-0.189048	0.0138309	0.0613733
11.2333	0.975279	-0.220976	-0.00333441	-0.0152691
11.2667	0.964828	-0.262882	-0.0222187	-0.102448
11.3	0.949434	-0.313966	-0.0440558	-0.200047
11.3333	0.927851	-0.372951	-0.0700417	-0.308067
11.3667	0.898908	-0.438138	-0.101027	-0.426658
11.4	0.861586	-0.507611	-0.137239	-0.55608
11.4333	0.814977	-0.579494	-0.178141	-0.696612
11.4667	0.758099	-0.652139	-0.222449	-0.848417
11.5	0.689637	-0.724155	-0.268228	-1.01137
11.5333	0.607607	-0.794238	-0.31295	-1.18485
11.5667	0.508898	-0.860827	-0.353368	-1.36728
11.6	0.388499	-0.921449	-0.385014	-1.55523
11.6333	0.238045	-0.971254	-0.400895	-1.74051
11.6667	0.044394	-0.999014	-0.388726	-1.90035
11.7	-0.194292	-0.980944	-0.333611	-1.97119
11.7333	-0.413719	-0.910405	-0.255641	-1.89783
11.7667	-0.571962	-0.82028	-0.188213	-1.74372
11.8	-0.684472	-0.729039	-0.134508	-1.56423
11.8333	-0.76645	-0.642304	-0.0908908	-1.37961
11.8667	-0.826846	-0.562429	-0.0545646	-1.19771
11.9	-0.871194	-0.490939	-0.0238574	-1.022
11.9333	-0.903232	-0.429152	0.00198634	-0.854099
11.9667	-0.925684	-0.378297	0.0229131	-0.694783
12	-0.940625	-0.339449	0.0381327	-0.544472
12.0333	-0.949641	-0.31334	0.0462777	-0.403595
12.0667	-0.953888	-0.300164	0.0457392	-0.272851
12.1	-0.954104	-0.299476	0.0351539	-0.153294
12.1333	-0.950639	-0.310299	0.0138614	-0.0462176
12.1667	-0.9435	-0.331374	-0.0178928	0.0471128
12.2	-0.932403	-0.36142	-0.0590783	0.125718
12.2333	-0.916827	-0.399285	-0.1082	0.189037
12.2667	-0.896054	-0.443944	-0.163634	0.236908
12.3	-0.869226	-0.494415	-0.223864	0.269462
12.3333	-0.835409	-0.549629	-0.287619	0.286986
12.3667	-0.793691	-0.608322	-0.353904	0.28978
12.4	-0.743312	-0.668945	-0.421988	0.278025
12.4333	-0.683833	-0.729639	-0.491333	0.251658
12.4667	-0.615324	-0.788274	-0.561473	0.210275
12.5	-0.538572	-0.84258	-0.631853	0.15306
12.5333	-0.455243	-0.890367	-0.701615	0.0788085
12.5667	-0.367968	-0.929839	-0.769385	-0.0139431
12.6	-0.280268	-0.959922	-0.833112	-0.126636
12.6333	-0.196325	-0.980539	-0.890056	-0.260305
12.6667	-0.120587	-0.992703	-0.93696	-0.415178
12.7	-0.0573629	-0.998353	-0.970365	-0.590399
12.7333	-0.0105361	-0.999944	-0.986931	-0.783952
12.7667	0.0164298	-0.999865	-0.983545	-0.992716
12.8	0.0201056	-0.999798	-0.957035	-1.21239
12.8333	-0.00372132	-0.999993	-0.903307	-1.43674
12.8667	-0.0612464	-0.998123	-0.815546	-1.65465
12.9	-0.16029	-0.98707	-0.681505	-1.8405
12.9333	-0.292895	-0.956145	-0.490426	-1.93644
12.9667	-0.40655	-0.913628	-0.26977	-1.90423
13	-0.472192	-0.881496	-0.058257	-1.7918
13.0333	-0.497366	-0.867541	0.133412	-1.6435
13.0667	-0.490224	-0.871596	0.303926	-1.47932
13.1	-0.454833	-0.890577	0.453196	-1.30948
13.1333	-0.393344	-0.919391	0.581825	-1.14085
13.1667	-0.307955	-0.951401	0.691672	-0.978699
13.2	-0.202211	-0.979342	0.786096	-0.826862
13.2333	-0.0814624	-0.996676	0.86953	-0.687463
13.2667	0.0475697	-0.998868	0.946564	-0.560908
13.3	0.177857	-0.984056	1.02103	-0.446408
13.3333	0.303219	-0.952921	1.09549	-0.34275
13.3667	0.419109	-0.907936	1.17127	-0.248955
13.4	0.522845	-0.852428	1.24871	-0.164594
13.4333	0.61339	-0.78978	1.32756	-0.0898051
13.4667	0.690909	-0.722942	1.40719	-0.0251335
13.5	0.756296	-0.654229	1.48683	0.0286506
13.5333	0.810805	-0.585317	1.56555	0.0707036
13.5667	0.855788	-0.517327	1.64234	0.100204
13.6	0.892549	-0.450951	1.71602	0.116403
13.6333	0.922256	-0.38658	1.78524	0.118658
13.6667	0.945909	-0.324431	1.84831	0.106466
13.7	0.964326	-0.264717	1.90321	0.079523
13.7333	0.978152	-0.20789	1.94749	0.0378491
13.7667	0.987919	-0.154969	1.9785	-0.0180256
13.8	0.994169	-0.10783	1.99395	-0.086902
13.8333	0.997609	-0.0691149	1.99281	-0.167009
13.8667	0.999136	-0.0415603	1.97577	-0.256468
13.9	0.999628	-0.0272654	1.94481	-0.353796
13.9333	0.999622	-0.0274981	1.9022	-0.458025
13.9667	0.999077	-0.042949	1.84983	-0.568519
14	0.997257	-0.0740115	1.78909	-0.684752
14.0333	0.992666	-0.120888	1.72094	-0.806171
14.0667	0.983014	-0.18353	1.64604	-0.932127
14.1	0.965212	-0.261468	1.56478	-1.06179
14.1333	0.935407	-0.353574	1.47729	-1.19403
14.1667	0.889071	-0.457769	1.38332	-1.32709
14.2	0.821204	-0.570634	1.28202	-1.45813
14.2333	0.72686	-0.686786	1.17158	-1.58245
14.2667	0.602668	-0.797992	1.04882	-1.69295
14.3	0.450194	-0.892931	0.909495	-1.78121
14.3333	0.279008	-0.960289	0.750429	-1.8422
14.3667	0.103487	-0.994631	0.572156	-1.878
14.4	-0.0641553	-0.99794	0.378099	-1.89483
14.4333	-0.216184	-0.976353	0.171952	-1.89795
14.4667	-0.3481	-0.937457	-0.043442	-1.88992
14.5	-0.457487	-0.889216	-0.265838	-1.87068
14.5333	-0.543516	-0.839399	-0.492854	-1.83811
14.5667	-0.606653	-0.794967	-0.721124	-1.78839
14.6	-0.648397	-0.761302	-0.945292	-1.71621
14.6333	-0.671388	-0.741106	-1.15679	-1.61539
14.6667	-0.680378	-0.732862	-1.34344	-1.48143
14.7	-0.682991	-0.730427	-1.49312	-1.31668
14.7333	-0.687126	-0.726539	-1.60114	-1.13223
14.7667	-0.697028	-0.717043	-1.67151	-0.941491
14.8	-0.713127	-0.701035	-1.7117	-0.754352
14.8333	-0.73396	-0.679192	-1.72869	-0.576651
14.8667	-0.757561	-0.652764	-1.72803	-0.411521
14.9	-0.78206	-0.623203	-1.71397	-0.260515
14.9333	-0.805913	-0.592034	-1.68977	-0.12428
14.9667	-0.827965	-0.56078	-1.65791	-0.00293837
15	-0.84743	-0.530907	-1.62029	0.103675
15.0333	-0.863841	-0.503764	-1.57833	0.195878
15.0667	-0.876965	-0.480554	-1.53315	0.274047
15.1	-0.886722	-0.462303	-1.48555	0.338572
15.1333	-0.893099	-0.449861	-1.43617	0.389828
15.1667	-0.896077	-0.443899	-1.38546	0.428169
15.2	-0.895565	-0.44493	-1.3338	0.45393
15.2333	-0.891349	-0.453317	-1.28147	0.467444
15.2667	-0.883045	-0.469288	-1.22872	0.469067
15.3	-0.870066	-0.492936	-1.17574	0.459201
15.3333	-0.851589	-0.52421	-1.12272	0.438334
15.3667	-0.826536	-0.562883	-1.06983	0.40707
15.4	-0.793563	-0.608489	-1.01725	0.366171
15.4333	-0.751068	-0.660224	-0.965184	0.316584
15.4667	-0.69726	-0.716819	-0.913848	0.259444
15.5	-0.630283	-0.776365	-0.863548	0.196048
15.5333	-0.548476	-0.836166	-0.814698	0.127746
15.5667	-0.450751	-0.89265	-0.767854	0.0557416
15.6	-0.337094	-0.941471	-0.723684	-0.019219
15.6333	-0.209086	-0.977897	-0.682813	-0.0972254
15.6667	-0.0702644	-0.997528	-0.645473	-0.179522
15.7	0.0738687	-0.997268	-0.610967	-0.26857
15.7333	0.21633	-0.97632	-0.577099	-0.367658
15.7667	0.349622	-0.936891	-0.539894	-0.479988
15.8	0.466977	-0.884269	-0.493954	-0.607483
15.8333	0.563507	-0.826112	-0.433581	-0.749846
15.8667	0.636798	-0.771031	-0.354265	-0.904426
15.9	0.686665	-0.726974	-0.253759	-1.06698
15.9333	0.714111	-0.700032	-0.132167	-1.23277
15.9667	0.719912	-0.694065	0.00884922	-1.39719
16	0.703135	-0.711057	0.167136	-1.55528
16.0333	0.659485	-0.751718	0.340712	-1.69955
16.0667	0.578929	-0.815378	0.52688	-1.81402
16.1	0.446203	-0.894932	0.713969	-1.85842
16.1333	0.276556	-0.960998	0.858896	-1.77394
16.1667	0.131374	-0.991333	0.931275	-1.59146
16.2	0.0263016	-0.999654	0.951976	-1.37798
16.2333	-0.0471092	-0.99889	0.939659	-1.16102
16.2667	-0.0957412	-0.995406	0.90326	-0.950714
16.3	-0.123673	-0.992323	0.847037	-0.752071
16.3333	-0.133318	-0.991073	0.773093	-0.568676
16.3667	-0.126246	-0.991999	0.682559	-0.403923
16.4	-0.10378	-0.9946	0.576356	-0.261514
16.4333	-0.0674862	-0.99772	0.455803	-0.145565
16.4667	-0.0195942	-0.999808	0.32314	-0.0603755
16.5	0.0367393	-0.999325	0.181859	-0.00991072
16.5333	0.0974151	-0.995244	0.0367061	0.00291167
16.5667	0.15769	-0.987489	-0.10673	-0.0230811
16.6	0.212739	-0.977109	-0.242807	-0.0868967
16.6333	0.258301	-0.966064	-0.366739	-0.185472
16.6667	0.29114	-0.956681	-0.475262	-0.314319
16.7	0.309114	-0.951025	-0.566743	-0.468455
16.7333	0.310872	-0.950452	-0.640752	-0.643189
16.7667	0.295316	-0.9554	-0.697346	-0.834475
16.8	0.260993	-0.965341	-0.736306	-1.03879
16.8333	0.205411	-0.978676	-0.756368	-1.2525
16.8667	0.124095	-0.99227	-0.754149	-1.47048
16.9	0.00912083	-0.999958	-0.722018	-1.68219
16.9333	-0.15065	-0.988587	-0.643962	-1.85844
16.9667	-0.342856	-0.939388	-0.503988	-1.92632
17	-0.49846	-0.866913	-0.335804	-1.8536
17.0333	-0.597668	-0.801744	-0.177568	-1.70922
17.0667	-0.657183	-0.753731	-0.0359236	-1.53734
17.1	-0.688472	-0.725263	0.0887857	-1.35445
17.1333	-0.69701	-0.717061	0.195618	-1.16785
17.1667	-0.684755	-0.728773	0.282615	-0.98214
17.2	-0.651628	-0.758539	0.347447	-0.801549
17.2333	-0.596674	-0.802484	0.388487	-0.630853
17.2667	-0.519234	-0.854632	0.405958	-0.475133
17.3	-0.419988	-0.90753	0.402529	-0.338788
17.3333	-0.301529	-0.953457	0.382894	-0.224372
17.3667	-0.168275	-0.98574	0.352514	-0.132055
17.4	-0.0258734	-0.999665	0.316232	-0.0600035
17.4333	0.11958	-0.992825	0.277441	-0.00536313
17.4667	0.262259	-0.964997	0.237973	0.0347076
17.5	0.397138	-0.917759	0.198495	0.062313
17.5333	0.520322	-0.85397	0.159106	0.0785122
17.5667	0.629178	-0.777261	0.119915	0.0833494
17.6	0.722301	-0.691579	0.0814702	0.0761034
17.6333	0.799361	-0.600851	0.0450328	0.0556464
17.6667	0.860886	-0.508798	0.0126657	0.0208458
17.7	0.908045	-0.418874	-0.0128405	-0.0290394
17.7333	0.942459	-0.334321	-0.0282367	-0.0940101
17.7667	0.966078	-0.25825	-0.0302902	-0.173103
17.8	0.981069	-0.193656	-0.0164251	-0.264399
17.8333	0.989678	-0.143308	0.0146412	-0.36535
17.8667	0.993988	-0.109489	0.0625461	-0.473379
17.9	0.995597	-0.0937355	0.125433	-0.586497
17.9333	0.995312	-0.0967213	0.200552	-0.703646
17.9667	0.99297	-0.118369	0.28501	-0.824622
18	0.987419	-0.158124	0.376338	-0.949692
18.0333	0.976556	-0.215264	0.472758	-1.07909
18.0667	0.957279	-0.289166	0.573193	-1.21246
18.1	0.925188	-0.37951	0.677095	-1.34825
18.1333	0.873745	-0.486385	0.784046	-1.48235
18.1667	0.792372	-0.610038	0.892532	-1.60501
18.2	0.663723	-0.747979	0.994706	-1.69162
18.2333	0.47633	-0.879267	1.0591	-1.6919
18.2667	0.272296	-0.962214	1.0473	-1.59417
18.3	0.0908875	-0.995861	0.978244	-1.45695
18.3333	-0.0681235	-0.997677	0.88034	-1.31456
18.3667	-0.211064	-0.977472	0.768602	-1.17811
18.4	-0.34228	-0.939598	0.651462	-1.0513
18.4333	-0.46409	-0.885788	0.534681	-0.935352
18.4667	-0.577123	-0.816657	0.422781	-0.830515
18.5	-0.680558	-0.732694	0.319434	-0.736691
18.5333	-0.772462	-0.635061	0.227362	-0.653824
18.5667	-0.850411	-0.526119	0.14802	-0.582112
18.6	-0.912303	-0.409516	0.0813492	-0.522014
18.6333	-0.957091	-0.289787	0.0257851	-0.474053
18.6667	-0.985153	-0.171679	-0.0214116	-0.438517
18.7	-0.998228	-0.0595089	-0.0636237	-0.415199
18.7333	-0.999064	0.0432474	-0.104302	-0.403294
18.7667	-0.990969	0.134094	-0.146476	-0.401473
18.8	-0.977388	0.211451	-0.192428	-0.408094
18.8333	-0.961588	0.274496	-0.243539	-0.421496
18.8667	-0.946411	0.322963	-0.300307	-0.440286
18.9	-0.934116	0.356969	-0.362503	-0.463554
18.9333	-0.926277	0.376843	-0.429402	-0.490979
18.9667	-0.923748	0.383001	-0.50004	-0.522798
19	-0.926685	0.37584	-0.573422	-0.559684
19.0333	-0.934609	0.355677	-0.648668	-0.60257
19.0667	-0.946498	0.322709	-0.725085	-0.652471
19.1	-0.960869	0.277004	-0.80218	-0.710324
19.1333	-0.975836	0.218502	-0.879636	-0.77686
19.1667	-0.989135	0.147009	-0.957269	-0.852483
19.2	-0.998065	0.0621769	-1.03496	-0.937142
19.2333	-0.999332	-0.0365389	-1.11253	-1.03011
19.2667	-0.988692	-0.149962	-1.18957	-1.12958
19.3	-0.960215	-0.279261	-1.26482	-1.23174
19.3333	-0.904887	-0.425652	-1.33458	-1.32862
19.3667	-0.809147	-0.587606	-1.38764	-1.40329
19.4	-0.662975	-0.748642	-1.39613	-1.42871
19.4333	-0.486286	-0.873799	-1.33615	-1.4008
19.4667	-0.307558	-0.951529	-1.22467	-1.35017
19.5	-0.134738	-0.990881	-1.08637	-1.29813
19.5333	0.0320172	-0.999487	-0.935394	-1.2527
19.5667	0.192557	-0.981286	-0.779323	-1.21676
19.6	0.345188	-0.938533	-0.622292	-1.19148
19.6333	0.486645	-0.8736	-0.466117	-1.17732
19.6667	0.612711	-0.790307	-0.310643	-1.17426
19.7	0.719372	-0.694625	-0.154061	-1.18157
19.7333	0.804117	-0.59447	0.00640249	-1.19751
19.7667	0.866801	-0.498655	0.173429	-1.21924
19.8	0.909617	-0.415449	0.348595	-1.24325
19.8333	0.936208	-0.351446	0.531869	-1.26606
19.8667	0.950354	-0.31117	0.72174	-1.28469
19.9	0.954741	-0.297437	0.915666	-1.29667
19.9333	0.950014	-0.312206	1.11027	-1.29928
19.9667	0.933913	-0.357499	1.30053	-1.28787
20	0.900185	-0.435507	1.47638	-1.25282
20.0333	0.839533	-0.543309	1.6134	-1.17665
20.0667	0.754087	-0.656774	1.67361	-1.04982
20.1	0.665385	-0.7465	1.65389	-0.897697
20.1333	0.585521	-0.810657	1.58351	-0.747337
20.1667	0.51499	-0.857196	1.48374	-0.609167
20.2	0.451745	-0.892147	1.36569	-0.48631
20.2333	0.39368	-0.919247	1.23555	-0.379567
20.2667	0.338948	-0.940805	1.09722	-0.288868
20.3	0.285916	-0.958255	0.953441	-0.213668
20.3333	0.233115	-0.972449	0.806307	-0.153028
20.3667	0.179254	-0.983803	0.657506	-0.10558
20.4	0.123311	-0.992368	0.508402	-0.0694895
20.4333	0.0647375	-0.997902	0.360004	-0.0424875
20.4667	0.00370933	-0.999993	0.212887	-0.0221154
20.5	-0.0587216	-0.998274	0.0671172	-0.00622369
20.5333	-0.120791	-0.992678	-0.0776925	0.00639287
20.5667	-0.180551	-0.983566	-0.222169	0.015568
20.6	-0.236505	-0.97163	-0.366869	0.0198358
20.6333	-0.287979	-0.957637	-0.512023	0.0169423
20.6667	-0.335119	-0.942176	-0.657436	0.00445589
20.7	-0.378649	-0.92554	-0.802505	-0.0198105
20.7333	-0.41962	-0.9077	-0.946287	-0.0576278
20.7667	-0.459234	-0.888315	-1.08754	-0.110347
20.8	-0.498767	-0.866736	-1.22469	-0.178961
20.8333	-0.539557	-0.841949	-1.35575	-0.264168
20.8667	-0.583026	-0.812454	-1.47802	-0.366384
20.9	-0.630721	-0.77601	-1.58764	-0.485656
20.9333	-0.684277	-0.729223	-1.67843	-0.621274
20.9667	-0.744979	-0.667088	-1.73962	-0.770472
21	-0.811506	-0.584344	-1.75193	-0.924354
21.0333	-0.874045	-0.485846	-1.6917	-1.06155
21.0667	-0.917966	-0.396658	-1.56203	-1.16163
21.1	-0.941788	-0.336207	-1.39342	-1.22841
21.1333	-0.951587	-0.307379	-1.20784	-1.27399
21.1667	-0.951312	-0.308229	-1.01553	-1.30616
21.2	-0.9417	-0.336453	-0.821811	-1.32924
21.2333	-0.92107	-0.389398	-0.630068	-1.34612
21.2667	-0.886196	-0.463311	-0.442609	-1.35954
21.3	-0.833329	-0.552777	-0.260648	-1.37256
21.3333	-0.759339	-0.650695	-0.0842147	-1.3884
21.3667	-0.662664	-0.748917	0.0876336	-1.41002
21.4	-0.543656	-0.839308	0.256164	-1.43955
21.4333	-0.404152	-0.914692	0.422096	-1.478
21.4667	-0.246474	-0.969149	0.584744	-1.52509
21.5	-0.0723373	-0.99738	0.741199	-1.57889
21.5333	0.117742	-0.993044	0.885025	-1.63435
21.5667	0.322873	-0.946442	1.00367	-1.67892
21.6	0.531495	-0.847061	1.07781	-1.68464
21.6333	0.708811	-0.705398	1.1021	-1.62481
21.6667	0.833822	-0.552033	1.09942	-1.51612
21.7	0.915093	-0.403242	1.08784	-1.38821
21.7333	0.964686	-0.263402	1.07366	-1.25745
21.7667	0.991014	-0.133758	1.05875	-1.13146
21.8	0.999889	-0.0149039	1.04365	-1.01395
21.8333	0.99569	0.0927433	1.02853	-0.906717
21.8667	0.981995	0.188905	1.01342	-0.810601
21.9	0.961878	0.273479	0.998315	-0.725857
21.9333	0.938028	0.346561	0.98323	-0.652417
21.9667	0.912787	0.408436	0.968151	-0.59003
22	0.888159	0.459537	0.953062	-0.538354
22.0333	0.865808	0.500376	0.937937	-0.49702
22.0667	0.847076	0.531472	0.922746	-0.465661
22.1	0.832992	0.553285	0.90746	-0.443938
22.1333	0.824299	0.566154	0.892059	-0.431547
22.1667	0.821469	0.570254	0.876536	-0.428229
22.2	0.824702	0.565567	0.860903	-0.433777
22.2333	0.833923	0.55188	0.845193	-0.448056
22.2667	0.848751	0.528792	0.829459	-0.471022
22.3	0.868462	0.495756	0.813766	-0.502747
22.3333	0.891946	0.452142	0.798177	-0.543452
22.3667	0.917673	0.397336	0.782729	-0.593517
22.4	0.94368	0.33086	0.767411	-0.653482
22.4333	0.967597	0.252499	0.752146	-0.724015
22.4667	0.986721	0.162425	0.736787	-0.805838
22.5	0.998122	0.0612651	0.721152	-0.899614
22.5333	0.998755	-0.0498895	0.705079	-1.00579
22.5667	0.985519	-0.169565	0.688524	-1.12444
22.6	0.955179	-0.296029	0.671654	-1.25499
22.6333	0.904057	-0.427412	0.654935	-1.39588
22.6667	0.827361	-0.56167	0.63916	-1.5438
22.7	0.717923	-0.696122	0.625286	-1.69182
22.7333	0.56446	-0.825461	0.613311	-1.82427
22.7667	0.355464	-0.93469	0.596573	-1.90519
22.8	0.112396	-0.993664	0.552519	-1.8916
22.8333	-0.112889	-0.993608	0.470144	-1.80606
22.8667	-0.305655	-0.952142	0.363289	-1.69545
22.9	-0.470243	-0.882537	0.244452	-1.58197
22.9333	-0.610489	-0.792025	0.120573	-1.47434
22.9667	-0.727917	-0.685665	-0.00469402	-1.37628
23	-0.822765	-0.568382	-0.129758	-1.28931
23.0333	-0.895153	-0.445759	-0.254486	-1.21358
23.0667	-0.946056	-0.324002	-0.379672	-1.14814
23.1	-0.977844	-0.209337	-0.50642	-1.09124
23.1333	-0.994236	-0.107217	-0.63555	-1.04068
23.1667	-0.999764	-0.0217068	-0.76721	-0.99429
23.2	-0.999	0.0447182	-0.900838	-0.950452
23.2333	-0.995854	0.0909636	-1.03537	-0.908255
23.2667	-0.993149	0.116854	-1.16952	-0.867469
23.3	-0.992456	0.122602	-1.30201	-0.828279
23.3333	-0.994115	0.108331	-1.43155	-0.79092
23.3667	-0.997281	0.0736884	-1.55659	-0.755274
23.4	-0.999846	0.0175465	-1.6747	-0.720402
23.4333	-0.998072	-0.0620601	-1.78117	-0.683962
23.4667	-0.985991	-0.166801	-1.86599	-0.641777
23.5	-0.956207	-0.292691	-1.91105	-0.589789
23.5333	-0.906076	-0.423114	-1.90019	-0.53143
23.5667	-0.84116	-0.540787	-1.83918	-0.477862
23.6	-0.767009	-0.641636	-1.74579	-0.436708
23.6333	-0.685479	-0.728093	-1.63358	-0.410114
23.6667	-0.596338	-0.802733	-1.51071	-0.397846
23.7	-0.498568	-0.86685	-1.38229	-0.398843
23.7333	-0.390988	-0.920396	-1.25194	-0.411713
23.7667	-0.272707	-0.962097	-1.12247	-0.434935
23.8	-0.143628	-0.989632	-0.996219	-0.467054
23.8333	-0.00503628	-0.999987	-0.875054	-0.506967
23.8667	0.139877	-0.990169	-0.760117	-0.554266
23.9	0.285847	-0.958275	-0.651347	-0.609467
23.9333	0.426035	-0.904707	-0.546959	-0.673877
23.9667	0.553235	-0.833025	-0.443221	-0.748911
24	0.66146	-0.74998	-0.334914	-0.835061
24.0333	0.747262	-0.66453	-0.216561	-0.931073
24.0667	0.81019	-0.586168	-0.0839808	-1.03389
24.1	0.852201	-0.523214	0.0646549	-1.13947
24.1333	0.876302	-0.481763	0.228752	-1.24379
24.1667	0.885009	-0.465573	0.406053	-1.34341
24.2	0.87905	-0.476729	0.593551	-1.43511
24.2333	0.856216	-0.516619	0.787822	-1.51428
24.2667	0.809805	-0.586699	0.983764	-1.57145
24.3	0.726906	-0.686737	1.1681	-1.58415
24.3333	0.599986	-0.80001	1.30178	-1.51239
24.3667	0.463094	-0.886309	1.34513	-1.35748
24.4	0.347774	-0.937579	1.31958	-1.17335
24.4333	0.254935	-0.966958	1.25468	-0.989453
24.4667	0.179721	-0.983718	1.16547	-0.815496
24.5	0.118302	-0.992978	1.0595	-0.65511
24.5333	0.0680113	-0.997685	0.941033	-0.510003
24.5667	0.026934	-0.999637	0.812771	-0.381204
24.6	-0.00638353	-0.99998	0.676567	-0.269515
24.6333	-0.0331351	-0.999451	0.533817	-0.1757
24.6667	-0.0544092	-0.998519	0.385699	-0.100574
24.7	-0.0713216	-0.997453	0.233344	-0.044994
24.7333	-0.0851149	-0.996371	0.0779714	-0.00975934
24.7667	-0.0971804	-0.995267	-0.0790536	0.00456892
24.8	-0.108979	-0.994044	-0.236265	-0.002178
24.8333	-0.121914	-0.992541	-0.392205	-0.0297621
24.8667	-0.137249	-0.990537	-0.545502	-0.0776678
24.9	-0.156119	-0.987738	-0.694861	-0.145268
24.9333	-0.179601	-0.983739	-0.838984	-0.231932
24.9667	-0.208812	-0.977956	-0.976439	-0.337059
25	-0.245007	-0.969521	-1.10549	-0.460046
25.0333	-0.289709	-0.957115	-1.22384	-0.600187
25.0667	-0.344871	-0.93865	-1.32814	-0.756465
25.1	-0.413112	-0.91068	-1.41298	-0.926999
25.1333	-0.497849	-0.867264	-1.46859	-1.1074
25.1667	-0.601787	-0.798656	-1.47548	-1.28514
25.2	-0.715656	-0.698453	-1.40194	-1.42579
25.2333	-0.80616	-0.591697	-1.2453	-1.49011
25.2667	-0.859631	-0.510915	-1.05016	-1.4926
25.3	-0.886472	-0.462783	-0.845341	-1.46194
25.3333	-0.895213	-0.445639	-0.641339	-1.41288
25.3667	-0.88929	-0.457343	-0.443071	-1.35227
25.4	-0.868648	-0.495429	-0.253894	-1.28415
25.4333	-0.83108	-0.556153	-0.0762253	-1.21205
25.4667	-0.773561	-0.633721	0.0889138	-1.13982
25.5	-0.693772	-0.720195	0.242473	-1.07154
25.5333	-0.591481	-0.806319	0.387396	-1.01076
25.5667	-0.469238	-0.883072	0.527813	-0.959813
25.6	-0.331987	-0.943284	0.667733	-0.919643
25.6333	-0.18582	-0.982584	0.809911	-0.890287
25.6667	-0.0364863	-0.999334	0.955313	-0.871528
25.7	0.111678	-0.993744	1.10314	-0.863358
25.7333	0.256129	-0.966643	1.25106	-0.866057
25.7667	0.395911	-0.918289	1.39518	-0.879981
25.8	0.531075	-0.847325	1.52941	-0.905043
25.8333	0.661575	-0.749879	1.64343	-0.939498
25.8667	0.784285	-0.620401	1.71871	-0.976548
25.9	0.886714	-0.462318	1.73041	-0.999138
25.9333	0.953238	-0.30222	1.67725	-0.992007
25.9667	0.986649	-0.162863	1.58741	-0.962293
26	0.998859	-0.0477471	1.48186	-0.923369
26.0333	0.998961	0.0455749	1.36944	-0.883265
26.0667	0.992834	0.119506	1.25369	-0.845872
26.1	0.984464	0.175589	1.13615	-0.81284
26.1333	0.976701	0.214607	1.01767	-0.784554
26.1667	0.971574	0.236735	0.89893	-0.760623
26.2	0.970358	0.241671	0.780754	-0.74019
26.2333	0.973481	0.228769	0.664235	-0.722214
26.2667	0.980356	0.197236	0.550783	-0.705796
26.3	0.989222	0.146426	0.441976	-0.690546
26.3333	0.997091	0.0762236	0.33923	-0.676916
26.3667	0.999922	-0.0125084	0.243286	-0.666345
26.4	0.993067	-0.117551	0.153688	-0.661098
26.4333	0.971965	-0.235127	0.0684974	-0.663784
26.4667	0.932955	-0.359993	-0.0155617	-0.676721
26.5	0.874016	-0.485897	-0.102482	-0.701422
26.5333	0.795188	-0.606362	-0.196051	-0.738438
26.5667	0.698469	-0.715641	-0.29894	-0.78758
26.6	0.587121	-0.8095	-0.412123	-0.848377
26.6333	0.464625	-0.885508	-0.534764	-0.920459
26.6667	0.333675	-0.942688	-0.664463	-1.00369
26.7	0.195529	-0.980698	-0.797568	-1.09799
26.7333	0.0497455	-0.998762	-0.929188	-1.20294
26.7667	-0.10592	-0.994375	-1.0525	-1.31686
26.8	-0.275451	-0.961315	-1.15639	-1.43455
26.8333	-0.462092	-0.886832	-1.21962	-1.53963
26.8667	-0.650387	-0.759603	-1.20953	-1.58867
26.9	-0.794234	-0.607612	-1.13075	-1.54929
26.9333	-0.884452	-0.466631	-1.02644	-1.4565
26.9667	-0.938855	-0.344313	-0.916951	-1.34407
27	-0.970744	-0.240118	-0.807547	-1.22671
27.0333	-0.988208	-0.153119	-0.699646	-1.11058
27.0667	-0.996556	-0.0829268	-0.593847	-0.998255
27.1	-0.999561	-0.0296339	-0.490808	-0.890547
27.1333	-0.99998	0.00633554	-0.391592	-0.787304
27.1667	-0.999702	0.0244031	-0.297829	-0.687899
27.2	-0.999711	0.0240503	-0.211741	-0.591664
27.2333	-0.999987	0.00506997	-0.135943	-0.498346
27.2667	-0.999482	-0.0321907	-0.0729816	-0.408485
27.3	-0.996236	-0.0866771	-0.0247008	-0.32357
27.3333	-0.987658	-0.156623	0.00835585	-0.245816
27.3667	-0.970855	-0.239668	0.027219	-0.177631
27.4	-0.942925	-0.333005	0.0343413	-0.12099
27.4333	-0.901178	-0.433448	0.0331202	-0.076957
27.4667	-0.843314	-0.537422	0.027306	-0.0454649
27.5	-0.767617	-0.640909	0.020463	-0.0253361
27.5333	-0.673212	-0.73945	0.0155588	-0.0144704
27.5667	-0.560331	-0.828269	0.0146901	-0.0101302
27.6	-0.430554	-0.902565	0.0189373	-0.00928013
27.6333	-0.286915	-0.957956	0.0283403	-0.00894914
27.6667	-0.133798	-0.991009	0.041995	-0.00658147
27.7	0.0234108	-0.999726	0.0582643	-0.000333497
27.7333	0.178885	-0.98387	0.0750765	0.0107273
27.7667	0.327028	-0.945015	0.090267	0.0265533
27.8	0.463102	-0.886305	0.101904	0.046184
27.8333	0.583674	-0.811988	0.108543	0.0679272
27.8667	0.686814	-0.726833	0.109386	0.0896083
27.9	0.772036	-0.635579	0.104318	0.108836
27.9333	0.84005	-0.542509	0.0938729	0.123238
27.9667	0.892422	-0.451202	0.0791264	0.130649
28	0.931225	-0.364445	0.061577	0.129227
28.0333	0.958739	-0.284289	0.043021	0.117533
28.0667	0.977231	-0.212177	0.0254383	0.0945641
28.1	0.988819	-0.14912	0.0108794	0.0597676
28.1333	0.995393	-0.0958751	0.00134251	0.0130418
28.1667	0.998589	-0.0531077	-0.00138068	-0.0452929
28.2	0.999769	-0.0215047	0.00410797	-0.114562
28.2333	0.999998	-0.00181718	0.0186134	-0.193868
28.2667	0.999987	0.00518375	0.0421984	-0.282291
28.3	0.999999	-0.00117007	0.0741662	-0.379103
28.3333	0.999773	-0.0212946	0.113226	-0.483932
28.3667	0.998473	-0.0552481	0.157804	-0.596798
28.4	0.99471	-0.102719	0.206397	-0.717992
28.4333	0.986609	-0.163104	0.257842	-0.847866
28.4667	0.97184	-0.235643	0.311469	-0.986583
28.5	0.947571	-0.319545	0.367137	-1.13385
28.5333	0.910238	-0.414085	0.425207	-1.28858
28.5667	0.854998	-0.518631	0.486483	-1.44825
28.6	0.774582	-0.632474	0.55206	-1.6074
28.6333	0.656969	-0.753917	0.622514	-1.75332
28.6667	0.483658	-0.875257	0.692834	-1.85314
28.7	0.255886	-0.966707	0.734155	-1.84492
28.7333	0.0351008	-0.999384	0.715878	-1.73187
28.7667	-0.15021	-0.988654	0.655549	-1.5809
28.8	-0.307149	-0.951661	0.574071	-1.42437
28.8333	-0.443423	-0.896312	0.482832	-1.27321
28.8667	-0.56351	-0.826109	0.388672	-1.13164
28.9	-0.669532	-0.742783	0.296414	-1.00152
28.9333	-0.76197	-0.647612	0.20974	-0.883787
28.9667	-0.840228	-0.542233	0.131347	-0.778965
29	-0.903248	-0.429119	0.0628077	-0.687454
29.0333	-0.950191	-0.311667	0.00440876	-0.609558
29.0667	-0.981024	-0.193884	-0.0448444	-0.545405
29.1	-0.996808	-0.0798412	-0.086967	-0.494799
29.1333	-0.999639	0.0268596	-0.124557	-0.457115
29.1667	-0.992354	0.123427	-0.160315	-0.431291
29.2	-0.978133	0.20798	-0.196639	-0.415933
29.2333	-0.960156	0.279463	-0.235366	-0.409506
29.2667	-0.941336	0.337471	-0.277659	-0.410548
29.3	-0.924144	0.382043	-0.324028	-0.417869
29.3333	-0.910512	0.413482	-0.374439	-0.430689
29.3667	-0.901779	0.432197	-0.428474	-0.448701
29.4	-0.898683	0.438598	-0.485503	-0.472052
29.4333	-0.901386	0.433016	-0.54483	-0.501258
29.4667	-0.909515	0.415671	-0.605796	-0.53709
29.5	-0.922222	0.38666	-0.667846	-0.580445
29.5333	-0.938246	0.34597	-0.730554	-0.632224
29.5667	-0.955958	0.293503	-0.79362	-0.693232
29.6	-0.973403	0.229101	-0.856862	-0.764085
29.6333	-0.988295	0.152557	-0.920188	-0.845121
29.6667	-0.997975	0.0636117	-0.983563	-0.936284
29.7	-0.999275	-0.0380826	-1.04695	-1.03695
29.7333	-0.988223	-0.153022	-1.11016	-1.14556
29.7667	-0.959441	-0.281909	-1.17255	-1.25894
29.8	-0.904957	-0.425503	-1.23197	-1.37052
29.8333	-0.81245	-0.58303	-1.28148	-1.46621
29.8667	-0.66843	-0.743775	-1.30053	-1.51866
29.9	-0.48387	-0.87514	-1.25837	-1.50771
29.9333	-0.293405	-0.955988	-1.15816	-1.45818
29.9667	-0.111427	-0.993773	-1.02535	-1.39965
30	0.0611619	-0.998128	-0.876845	-1.34475
